93 240
26 150
85 166
179 218
189 149
126 142
190 39
20 8
12 136
30 188
202 88
167 239
208 20
184 185
83 23
172 161
176 165
22 196
91 40
155 91
7 134
17 107
36 66
98 24
105 193
28 79
157 24
94 25
18 91
216 64
86 147
197 168
101 48
140 16
62 202
94 182
28 48
110 228
215 106
188 15
176 194
35 224
173 163
93 77
33 124
234 109
43 197
92 206
53 143
78 128
39 36
147 60
185 137
74 155
196 236
108 128
118 75
78 120
126 3
173 44
213 80
147 133
113 20
4 174
108 185
141 175
74 117
42 222
234 163
138 43
92 116
202 182
32 190
192 31
214 59
158 71
21 61
89 119
20 98
88 55
111 129
65 57
111 219
87 104
159 34
192 35
50 212
59 128
132 47
47 113
115 161
216 127
138 215
68 7
5 241
24 150
125 203
206 110
191 202
199 244
122 253
221 81
212 10
112 53
202 169
167 108
234 115
168 154
151 185
172 40
53 140
133 95
177 241
235 64
203 187
12 171
229 125
40 55
230 125
225 251
145 195
147 131
216 163
141 29
131 164
85 159
208 222
0 242
71 117
200 116
213 34
69 178
100 112
116 212
126 142
146 88
80 101
3 236
77 244
9 96
242 215
191 226
187 39
234 38
23 232
116 21
97 164
24 110
39 175
152 159
185 81
9 239
245 213
45 48
111 75
169 236
147 176
196 60
71 19
194 47
97 30
131 31
248 138
212 240
216 212
35 202
154 148
145 144
206 10
60 252
108 65
95 18
21 135
103 37
44 227
129 201
199 142
245 116
55 118
233 186
183 57
83 192
35 39
187 124
167 47
81 51
163 251
3 187
86 198
239 233
203 213
58 160
150 12
94 11
20 83
145 173
225 52
76 231
173 91
21 241
43 117
200 57
9 62
41 144
218 77
59 138
162 194
246 243
66 170
70 92
112 146
189 70
234 146
142 161
137 203
45 240
135 32
195 139
215 191
49 67
122 7
89 217
5 7
217 135
45 237
213 26
219 148
74 22
173 84
171 137
207 95
205 68
82 205
234 136
120 187
140 48
86 201
91 220
28 164
120 193
165 53
187 24
161 104
104 121
91 172
61 244
134 139
127 204
166 8
122 134
172 204
85 49
8 113
112 107
28 166
121 28
44 101
78 126
17 183
75 144
211 57
28 184
240 219
66 6
137 12
129 33
245 250
24 186
23 61
57 18
193 201
118 198
244 215
248 64
13 253
28 119
50 129
213 34
48 179
142 206
141 218
108 198
69 18
226 48
168 108
93 50
9 91
24 147
166 135
219 191
205 252
33 191
162 177
97 58
29 86
148 115
177 129
201 143
226 56
146 126
113 23
98 94
45 97
116 27
98 121
180 202
242 114
51 38
114 149
24 73
97 37
182 245
133 170
81 71
148 190
100 241
237 78
193 254
218 251
170 41
2 109
6 195
200 8
102 141
99 218
236 143
206 40
75 148
142 100
41 194
17 53
190 80
201 119
66 51
178 12
198 96
153 196
125 18
213 139
248 54
60 133
219 79
254 209
154 145
225 50
111 108
160 195
70 49
155 229
137 234
252 22
219 38
61 181
150 213
162 98
134 53
159 175
168 3
42 2
26 62
17 83
248 20
14 186
38 150
213 185
242 78
168 103
99 200
0 176
134 213
195 59
110 45
24 134
208 228
67 76
238 64
68 87
97 2
204 102
160 193
241 252
169 89
130 120
220 232
58 17
93 176
39 7
136 70
112 135
191 172
79 119
167 29
159 223
72 72
102 37
221 80
235 253
251 189
175 147
167 34
5 8
109 76
156 41
18 103
63 247
75 142
4 73
63 0
231 182
221 77
33 189
249 145
237 233
241 3
106 183
38 238
5 199
245 134
157 235
217 174
191 165
100 125
158 132
87 192
94 21
167 160
239 237
82 30
71 173
34 231
248 189
27 217
101 240
3 36
92 56
173 40
223 225
14 170
252 47
184 49
231 46
131 11
148 66
19 179
153 13
202 1
235 185
69 219
30 64
151 5
9 132
15 198
148 190
150 69
251 24
17 158
113 0
241 221
18 45
9 73
80 5
40 151
146 164
63 10
116 120
18 143
97 16
24 155
106 133
12 123
18 151
240 159
138 92
153 128
80 83
173 106
79 98
7 206
187 59
158 126
189 141
212 100
117 79
177 81
89 126
241 186
34 153
9 27
77 56
16 71
13 40
114 203
228 158
157 253
169 37
81 125
99 20
40 74
181 165
253 224
212 222
54 47
157 218
172 140
130 51
221 125
253 188
85 41
2 1
163 86
82 88
60 222
33 237
103 102
60 88
7 139
34 19
109 132
220 114
136 146
250 104
198 182
65 214
168 87
161 244
163 191
214 190
23 183
139 49
94 162
85 193
173 19
229 47
65 230
182 149
168 179
61 119
76 100
8 66
38 162
134 169
149 247
58 22
143 64
205 90
248 103
78 198
214 48
248 179
43 65
93 151
177 100
94 210
120 157
122 106
58 97
39 237
178 247
100 27
162 254
178 181
32 130
120 139
219 78
122 133
107 190
119 51
98 85
41 76
226 55
232 39
149 206
221 76
142 143
81 230
62 46
221 12
232 95
124 99
53 128
34 42
60 141
122 12
79 244
127 223
242 14
50 215
246 36
98 101
104 70
149 152
29 101
86 142
243 114
217 12
108 187
208 69
73 215
69 115
225 61
252 189
109 155
111 179
60 240
119 142
198 126
19 55
231 128
68 4
22 237
188 29
72 77
102 85
103 14
249 110
149 184
213 157
52 193
220 95
176 175
217 174
73 210
242 210
142 202
243 51
65 170
254 187
59 149
205 175
138 93
26 246
122 203
253 66
78 225
7 191
153 162
124 86
194 181
225 240
236 101
23 146
165 97
119 147
17 253
87 186
246 119
220 128
238 61
136 78
49 36
48 17
6 233
238 34
140 86
139 39
164 236
76 49
29 18
128 6
225 50
68 107
192 142
204 191
157 252
76 74
66 16
1 57
222 217
24 80
31 186
79 8
59 104
215 225
203 188
199 161
54 152
157 3
122 149
160 170
191 46
192 240
161 87
106 91
46 152
39 163
228 35
65 63
122 105
175 173
13 75
82 211
130 10
66 11
44 195
86 191
151 111
40 191
44 232
217 173
182 240
192 120
84 173
97 253
14 123
184 122
147 195
202 223
199 201
59 141
144 82
141 137
50 97
232 192
196 63
155 140
186 109
120 41
68 46
18 151
98 199
72 247
211 186
10 17
141 192
80 151
127 124
31 95
97 111
56 150
218 241
134 207
14 175
124 161
129 87
218 108
192 254
231 205
166 254
227 49
9 238
214 238
176 192
249 112
252 218
247 200
44 134
233 94
99 9
140 68
166 21
91 9
173 130
89 7
52 143
43 57
141 45
195 22
168 97
63 2
96 252
215 80
209 127
180 3
217 82
42 253
50 45
136 141
139 200
213 189
21 197
5 72
57 27
1 127
243 35
150 247
41 214
185 99
128 170
223 126
204 5
12 169
219 37
38 81
114 12
144 8
188 202
106 216
230 96
252 17
154 78
205 147
53 210
86 130
18 183
26 222
224 146
204 166
42 89
129 195
84 44
124 36
30 69
246 50
90 31
127 221
215 240
176 127
223 209
24 196
76 1
175 19
82 251
226 184
75 103
108 150
86 218
73 227
144 74
245 29
171 174
183 34
18 91
36 12
128 111
70 99
225 159
183 187
131 173
205 36
41 196
116 29
113 2
168 90
247 138
163 217
249 147
146 125
12 227
128 184
42 143
95 132
193 187
124 69
202 147
140 6
191 165
98 244
83 109
211 198
42 201
192 84
87 183
75 116
96 227
42 247
168 32
193 77
147 30
37 55
130 113
75 245
180 26
237 228
117 178
68 194
150 135
88 148
247 225
63 39
54 250
109 49
190 37
137 37
132 250
162 202
83 126
89 221
44 113
190 4
131 86
192 170
41 243
202 122
160 110
250 82
53 142
152 5
166 2
180 73
76 8
213 190
199 59
89 27
223 214
161 33
243 58
151 79
117 30
21 168
82 71
147 135
189 134
86 211
202 253
132 151
113 202
254 106
21 138
182 210
118 49
3 95
231 64
39 220
24 99
98 193
60 30
53 171
96 84
70 130
203 16
33 152
209 39
99 21
47 10
81 152
22 73
173 34
74 53
152 10
95 35
206 211
230 224
243 179
144 44
218 121
181 229
122 203
101 50
57 133
17 167
119 65
62 34
192 45
45 248
234 133
50 172
116 22
164 119
226 157
158 139
110 238
135 42
107 55
75 64
210 219
78 125
19 4
220 159
234 9
104 227
46 158
53 111
184 213
64 180
95 176
235 242
161 105
234 17
27 48
7 56
7 161
226 234
30 214
163 98
227 167
119 117
9 51
49 105
207 171
230 149
170 247
96 235
245 128
52 27
160 105
15 30
222 29
59 230
82 9
160 235
44 74
153 54
121 221
182 220
142 244
92 180
182 253
37 71
162 229
162 34
226 63
140 233
122 234
139 157
31 32
19 251
252 164
43 224
218 95
12 58
111 129
100 5
60 202
148 155
182 167
219 160
188 65
102 148
63 206
85 72
217 243
126 47
140 63
73 206
32 75
75 86
219 138
116 202
9 28
115 6
109 180
169 54
96 4
132 103
67 197
59 65
48 11
7 230
130 29
174 156
96 246
202 212
189 232
159 207
149 232
104 47
200 157
253 117
245 39
88 143
241 95
14 98
216 54
5 95
180 163
207 18
144 161
197 220
65 134
197 223
214 21
178 132
112 160
41 231
129 165
160 232
252 78
23 151
136 111
215 24
33 183
59 78
137 228
66 7
228 20
1 128
77 116
26 188
197 230
94 87
3 96
112 22
128 60
173 187
36 241
3 110
36 39
54 41
75 92
52 143
191 251
86 228
92 3
47 149
67 10
110 89
215 235
120 198
114 225
0 171
49 153
125 131
250 76
156 226
123 150
230 195
15 150
160 45
216 98
184 215
20 221
198 18
96 154
135 82
73 87
33 164
134 126
76 85
118 238
0 9
44 62
161 180
253 162
192 216
218 152
111 148
237 106
177 64
223 200
86 128
231 170
92 216
68 209
88 39
248 110
0 156
218 135
141 38
177 242
14 128
211 7
239 164
45 59
208 131
157 110
138 157
200 178
188 70
1 245
131 26
174 32
241 126
178 218
221 191
146 103
252 207
221 171
246 107
47 219
224 229
76 225
253 199
100 37
224 211
61 224
253 19
10 247
182 21
18 195
53 124
213 31
24 188
77 154
207 213
232 158
176 164
163 237
67 130
223 231
5 163
24 180
222 215
124 104
220 52
72 29
74 91
74 236
36 0
132 186
17 155
197 161
102 54
76 22
113 133
243 168
86 177
60 157
249 111
113 139
0 72
154 120
208 79
96 13
148 202
7 194
145 189
192 19
248 147
249 39
33 202
27 173
123 166
23 234
244 198
135 131
100 185
134 207
158 112
115 23
57 195
200 115
155 71
186 178
239 194
210 4
187 226
247 236
101 241
76 111
156 135
13 33
211 156
67 113
15 105
87 53
42 59
196 25
102 79
27 153
99 155
16 175
253 130
0 97
94 35
95 29
127 68
180 197
194 142
131 40
175 45
32 147
245 165
202 64
201 54
165 61
56 208
223 153
187 83
104 152
87 130
176 219
190 206
153 138
165 233
122 171
31 224
45 26
19 83
147 182
55 41
147 177
157 57
136 42
234 3
77 143
119 230
167 174
41 220
110 162
151 37
26 74
58 16
114 94
140 103
19 199
238 224
243 50
205 88
200 145
229 151
30 192
231 205
41 9
139 232
1 0
49 129
149 212
124 28
6 213
236 19
12 183
115 159
63 224
10 38
123 207
244 249
71 123
227 182
73 108
78 80
236 55
172 239
42 207
170 236
229 78
115 9
223 126
69 118
54 204
219 21
124 4
17 202
28 118
5 186
59 72
71 181
156 163
64 57
24 216
180 222
4 157
122 60
160 198
212 191
248 56
141 95
196 247
237 113
1 166
212 97
135 17
205 157
127 204
189 102
234 87
225 246
144 153
45 209
104 40
185 228
99 26
240 137
208 234
60 105
214 79
153 188
122 159
23 84
131 10
112 108
250 102
48 77
135 74
110 93
227 162
41 91
167 225
84 47
69 159
52 215
161 89
97 191
216 205
199 8
210 102
63 15
44 4
1 196
116 96
14 86
43 96
173 227
36 126
200 9
200 168
87 86
121 231
86 213
207 79
203 46
202 197
2 12
245 120
250 245
128 227
49 213
206 168
27 14
132 161
154 51
48 242
122 8
172 43
72 190
41 210
109 33
57 71
41 132
160 9
49 96
190 49
6 133
46 37
196 247
23 66
19 187
218 147
10 229
50 115
123 162
191 90
168 254
211 235
150 161
201 222
138 218
175 37
172 224
9 89
246 74
104 99
117 100
83 211
145 80
75 137
184 107
42 217
195 205
242 121
190 127
37 53
102 68
20 149
105 169
78 95
169 125
28 23
60 172
56 124
127 226
119 61
155 95
182 17
38 216
144 157
2 87
129 197
134 118
240 5
17 157
51 227
118 89
12 192
153 30
88 98
45 126
148 64
29 244
148 168
110 82
120 85
83 224
9 116
48 111
218 150
182 116
129 101
212 177
154 158
52 206
25 51
40 155
80 52
103 240
77 146
196 50
205 142
13 3
194 60
149 199
131 65
156 20
45 172
135 107
86 135
37 44
22 131
176 223
209 3
222 184
114 159
118 87
189 14
22 181
86 91
121 97
126 69
96 10
35 138
89 184
202 245
56 3
2 22
135 229
158 113
116 238
146 94
201 232
124 144
61 44
14 189
27 87
81 225
103 65
94 211
17 154
161 69
102 200
207 108
240 82
203 242
50 72
104 57
19 244
125 51
215 64
26 174
85 44
184 69
146 0
56 158
168 163
250 59
151 35
11 145
249 37
99 191
7 167
82 210
14 79
242 21
160 20
14 187
10 63
55 197
39 27
252 190
193 244
5 202
161 174
132 38
1 70
16 40
219 115
252 156
112 180
128 61
212 1
170 234
197 119
219 81
254 111
187 127
92 126
218 23
128 9
42 174
123 89
9 39
215 45
94 187
196 44
60 188
146 188
216 33
165 54
78 39
247 155
88 162
207 131
155 183
220 25
49 27
249 201
57 57
249 76
223 29
122 161
229 21
121 191
241 206
129 136
24 196
161 246
223 153
253 83
194 65
195 150
118 151
113 31
171 112
220 86
213 214
66 204
95 218
132 242
61 221
76 147
48 36
40 199
28 6
200 82
201 2
168 209
30 151
191 140
53 196
204 52
48 196
159 74
106 155
45 145
180 222
192 74
196 37
136 193
96 114
205 51
250 14
159 188
120 34
113 190
95 174
17 205
109 95
195 4
160 253
197 86
7 112
64 88
69 73
249 182
159 80
84 121
141 124
225 52
34 90
202 237
145 245
124 224
201 221
159 201
176 46
27 224
216 240
1 87
169 165
158 148
190 49
140 61
1 240
133 133
104 83
11 46
122 200
60 24
182 144
59 56
210 120
78 94
73 103
109 58
5 23
112 154
38 74
253 37
186 94
128 57
235 22
242 0
190 16
227 100
136 122
77 210
137 53
246 117
176 177
206 0
68 181
113 210
147 38
66 171
214 10
227 25
127 237
140 30
219 1
188 150
106 50
16 104
151 231
128 102
164 239
50 166
68 138
23 200
45 172
251 155
76 207
91 124
77 249
49 144
90 243
85 54
144 249
90 178
60 166
199 125
62 48
142 85
17 130
250 132
210 83
9 212
66 167
235 201
56 243
206 252
50 121
77 152
172 31
239 52
172 189
247 178
146 91
41 208
121 164
198 193
175 163
250 70
170 106
241 70
126 63
111 52
120 169
102 58
154 148
30 94
205 146
173 151
128 98
64 42
211 131
101 100
17 241
206 55
28 211
94 24
154 51
251 4
71 192
206 89
88 205
142 231
48 200
78 121
168 166
237 178
8 244
111 56
114 91
225 187
238 200
52 146
104 169
72 73
233 232
179 201
53 223
93 118
73 165
171 210
183 172
79 36
222 1
217 224
209 254
37 128
147 218
76 188
131 201
84 60
68 88
14 16
70 215
114 124
235 183
225 234
227 3
232 26
132 28
226 26
70 128
154 196
48 10
74 26
236 22
213 4
130 157
174 185
20 90
20 84
7 182
112 193
176 111
81 188
92 153
66 41
202 190
3 152
120 207
228 177
235 179
250 133
252 59
142 244
147 128
189 167
154 168
159 56
239 93
19 177
0 92
151 152
86 208
218 100
201 91
92 87
47 251
117 116
101 117
93 102
82 241
58 10
246 73
26 121
7 135
213 77
148 206
21 49
44 70
142 162
131 27
61 54
50 73
187 161
51 105
79 71
235 64
242 222
49 171
204 158
110 230
193 2
77 24
115 47
109 157
238 226
161 125
91 146
217 253
146 143
74 97
42 182
188 136
141 115
228 29
4 157
116 220
41 19
56 139
27 189
234 6
232 11
154 250
19 218
94 210
209 60
229 105
150 88
207 73
188 98
38 75
202 107
64 157
108 129
74 96
149 172
59 86
123 212
115 82
199 231
103 103
108 54
196 35
168 39
25 130
91 53
195 171
137 103
19 227
32 61
165 167
57 106
8 77
238 142
30 19
156 137
113 8
179 236
145 216
181 146
221 17
187 66
187 25
225 5
204 211
117 151
41 123
27 59
161 13
74 30
20 94
122 77
109 189
222 62
141 210
93 209
112 74
68 205
245 187
208 176
168 45
220 238
51 119
55 176
213 213
9 63
46 236
72 137
165 153
212 72
125 236
214 128
26 216
69 106
67 46
8 246
72 182
240 165
180 107
230 101
249 4
17 3
192 84
108 159
222 66
44 121
204 103
131 116
83 216
9 150
146 223
146 243
236 231
153 75
117 78
135 240
68 74
235 144
242 135
138 138
185 188
117 224
1 254
188 213
52 52
51 163
107 186
171 243
0 215
113 17
157 118
110 36
90 49
57 39
94 158
128 164
88 125
192 189
92 61
220 122
38 63
79 206
172 5
226 95
209 105
109 120
135 8
17 124
37 205
102 91
227 216
165 174
59 175
100 81
205 17
146 120
212 147
170 165
130 136
118 225
158 181
198 71
190 175
123 224
226 198
167 155
200 226
72 25
104 197
0 236
21 160
111 4
100 45
106 163
160 244
244 210
204 186
25 175
84 145
244 151
120 134
39 233
17 89
110 140
202 67
200 70
53 91
176 132
223 199
223 21
192 133
26 222
116 67
206 201
100 127
247 128
4 189
132 227
23 141
205 178
213 200
9 0
21 83
84 238
236 121
34 54
88 226
233 237
28 26
199 62
222 111
89 137
174 32
131 252
105 138
20 60
101 97
235 131
114 205
99 89
190 143
224 146
147 75
22 77
192 110
59 53
150 43
182 107
193 92
5 1
226 88
91 44
228 15
127 9
6 24
127 219
71 169
125 167
145 241
147 22
19 134
224 142
135 72
44 158
244 91
64 211
5 128
238 93
172 150
254 236
240 155
180 158
168 26
95 191
221 166
128 215
250 169
85 71
98 91
56 148
4 187
50 116
147 209
68 77
165 139
85 63
102 53
131 58
235 124
137 27
41 186
61 125
92 73
197 51
86 107
241 50
124 143
91 55
108 104
62 33
46 155
228 145
149 195
52 75
235 148
116 70
71 34
205 122
23 114
204 230
29 166
115 130
214 85
175 76
164 232
170 240
56 28
143 8
212 1
94 77
141 107
33 194
99 217
117 46
72 120
160 236
66 87
137 180
193 55
208 124
222 17
250 77
173 214
247 172
8 149
190 177
49 172
110 226
129 137
151 141
207 221
119 48
176 23
160 83
184 132
132 42
235 111
73 12
20 22
16 251
80 105
62 54
97 61
178 232
49 109
212 13
16 133
43 178
120 68
244 185
211 115
102 146
157 115
148 74
106 237
212 181
244 60
69 130
200 29
145 106
142 116
104 200
239 26
34 119
224 179
253 204
220 21
228 76
228 166
61 186
81 204
94 238
137 121
74 250
99 129
13 239
121 168
197 232
31 191
116 185
167 169
33 246
158 152
112 8
46 57
196 39
104 68
31 97
93 71
153 218
240 51
228 211
14 207
124 79
150 249
83 85
149 9
153 92
120 196
247 145
246 194
201 66
241 25
110 251
35 227
107 141
164 36
36 99
97 84
78 123
91 222
171 125
66 202
173 85
49 178
154 16
170 70
75 164
182 138
76 175
218 47
45 69
28 86
251 62
124 99
147 180
130 124
18 169
33 175
24 36
7 207
161 134
188 120
34 29
39 226
105 134
252 136
19 211
140 236
217 249
147 87
212 116
111 139
228 200
202 56
183 240
5 17
177 145
2 65
193 55
187 66
107 237
229 221
227 197
58 146
185 252
132 88
175 9
89 85
178 171
137 212
125 0
146 120
71 106
76 129
51 2
154 168
116 74
125 0
7 180
38 13
194 162
138 66
235 131
14 229
227 186
29 92
156 40
72 201
105 38
68 24
90 24
119 71
233 196
35 58
211 226
2 31
26 154
64 198
225 218
238 116
156 230
206 192
245 142
254 141
157 54
130 36
106 233
182 6
121 93
214 33
33 22
100 161
245 135
212 212
22 91
60 16
227 211
177 3
199 156
36 69
37 42
233 139
172 69
208 86
96 59
165 172
17 171
55 227
251 226
134 57
21 70
141 141
15 78
52 100
156 57
77 241
106 170
68 189
122 28
239 59
239 59
81 135
33 240
109 67
205 25
95 134
146 191
155 177
95 248
231 222
118 66
6 196
191 191
26 182
125 141
216 152
86 193
59 167
118 190
241 8
231 235
46 54
204 244
62 159
238 61
137 216
67 63
231 39
79 78
205 71
42 49
9 186
163 202
143 31
109 78
222 133
177 19
189 14
34 135
175 130
212 124
79 21
129 96
229 234
84 216
245 149
132 152
24 40
14 56
176 50
105 84
233 114
216 28
87 198
245 47
15 126
138 128
111 237
58 181
230 210
146 127
245 225
23 31
94 169
124 103
220 169
223 86
26 133
224 137
113 234
205 168
36 213
147 42
237 195
37 161
144 67
7 64
219 140
54 235
209 152
72 248
30 107
166 69
185 85
2 52
181 0
172 218
94 91
99 97
163 177
28 152
92 72
229 117
119 90
125 63
44 107
71 232
111 73
135 85
135 111
55 235
49 232
179 64
26 28
129 73
136 134
199 20
235 202
201 156
181 244
139 246
76 129
17 219
43 24
8 21
43 184
154 86
214 138
1 139
33 74
244 170
67 243
143 205
152 16
47 77
58 180
4 88
215 44
128 172
178 4
121 197
228 6
245 17
51 175
203 150
108 109
227 168
235 5
196 53
68 118
38 127
58 158
201 23
30 2
129 66
89 36
75 244
126 252
160 15
106 45
194 131
41 202
126 176
27 210
21 44
113 111
79 11
151 176
128 161
56 100
20 155
143 80
145 84
132 43
140 59
113 68
173 43
247 20
37 166
51 117
50 250
143 190
8 104
58 92
74 163
110 78
144 32
75 49
219 209
175 103
165 88
137 77
71 192
113 82
202 90
232 63
200 137
143 241
234 171
168 85
194 210
217 97
48 50
179 154
61 238
158 104
97 34
246 148
94 188
228 18
159 53
15 41
168 215
183 34
127 205
228 138
65 242
68 50
209 253
11 26
156 88
192 166
149 170
254 129
50 3
95 208
243 42
163 138
50 185
177 237
52 35
134 117
87 35
76 209
3 137
216 207
67 194
145 117
149 251
33 251
20 77
235 168
99 231
19 14
12 199
225 178
143 38
20 151
138 97
199 157
67 7
85 124
170 253
2 94
125 251
144 15
63 210
20 59
51 69
199 229
7 158
245 16
173 107
154 61
86 87
102 72
138 97
16 223
139 79
47 192
210 132
238 207
253 46
162 225
1 245
244 62
84 83
183 155
240 238
141 137
106 95
145 41
18 16
222 65
42 9
86 172
83 205
70 123
4 139
169 19
161 120
156 242
240 45
34 227
249 137
221 178
39 202
144 197
89 35
5 76
231 101
3 250
16 4
67 226
15 8
191 23
78 70
221 131
84 155
173 168
221 181
83 138
92 112
234 160
104 154
158 33
12 153
131 177
191 50
176 11
193 98
133 236
4 70
123 70
93 114
234 87
156 147
40 66
73 112
10 66
92 237
73 171
217 52
153 152
89 88
47 18
196 222
101 123
48 119
170 222
130 95
75 204
213 32
228 109
214 59
28 136
43 227
19 52
214 175
111 26
228 211
50 82
36 111
153 250
145 231
25 241
63 161
61 72
195 189
117 71
28 224
53 50
168 157
156 53
94 78
199 94
152 251
58 200
236 29
104 161
99 226
57 21
192 5
117 174
107 239
138 54
21 142
177 169
205 231
140 113
109 51
112 166
39 2
74 182
14 177
172 144
189 93
204 11
215 23
133 6
21 94
44 145
167 96
217 18
62 207
50 69
177 182
244 232
93 17
169 137
114 156
149 2
65 171
174 48
35 162
176 46
5 18
155 164
220 102
194 148
16 108
117 60
216 0
145 176
242 177
215 249
98 29
167 177
251 110
217 52
128 98
248 224
111 247
103 239
100 233
114 234
208 241
250 229
27 224
99 51
165 101
201 118
32 171
254 137
140 194
187 12
184 2
114 234
172 159
201 181
75 248
62 45
204 5
150 233
15 232
219 181
137 138
99 192
199 158
213 145
140 180
182 38
113 78
216 170
181 63
63 181
2 47
113 221
147 68
236 90
177 192
116 31
164 123
51 217
107 22
65 25
52 237
236 221
86 176
94 205
209 236
100 53
150 186
45 51
191 32
99 74
186 192
158 222
194 237
105 30
116 35
53 35
65 165
82 52
139 230
192 70
150 37
13 67
51 168
137 167
251 227
73 161
38 203
244 254
140 148
22 174
61 47
201 20
31 209
234 187
90 253
151 145
20 137
163 61
219 106
252 196
75 12
65 49
6 101
178 135
218 253
158 20
244 164
183 156
73 151
97 214
29 133
235 41
85 222
186 144
111 156
246 45
141 209
233 4
139 8
97 25
82 182
126 37
183 215
33 230
243 250
198 35
116 12
3 73
12 79
239 193
226 19
199 236
69 253
203 249
93 194
204 199
53 167
59 37
242 45
142 0
243 205
162 51
173 212
122 230
143 233
1 176
192 32
195 1
160 249
130 150
29 14
50 56
123 182
161 47
254 133
51 138
222 226
61 130
116 210
145 234
15 101
41 26
231 27
158 40
186 30
35 23
59 225
184 249
41 168
64 212
0 224
112 163
122 124
40 164
193 219
191 181
9 27
184 95
136 42
21 234
41 64
236 198
6 19
30 41
227 61
33 5
3 76
148 19
91 250
8 192
8 39
134 211
253 77
239 134
99 72
203 236
186 138
45 145
241 231
172 67
199 149
193 50
91 5
226 184
204 207
159 64
165 2
131 252
110 160
28 130
73 144
113 114
129 130
112 221
46 242
105 74
129 207
82 175
68 229
207 52
250 175
26 198
141 199
193 82
8 227
236 182
211 196
32 52
26 99
227 152
110 38
137 27
161 232
44 96
186 11
132 214
82 250
150 98
55 28
78 214
34 11
19 185
107 23
4 100
48 163
8 142
251 52
37 16
51 219
140 143
158 187
165 201
45 119
240 4
208 96
7 47
114 113
24 88
128 47
56 0
66 207
150 2
3 30
39 214
146 3
144 30
16 147
79 128
181 57
201 50
168 111
176 155
1 89
121 221
11 118
235 90
174 146
173 121
32 21
128 144
132 184
107 226
15 233
92 95
12 213
214 251
221 147
69 51
99 170
2 150
73 155
196 230
243 9
57 217
48 137
153 44
137 54
230 79
86 122
228 171
173 214
103 45
78 191
137 102
46 249
101 145
186 97
127 70
55 82
158 181
92 141
8 5
119 181
24 82
125 77
3 183
28 100
47 197
193 5
221 177
170 189
27 168
101 158
211 150
15 95
166 228
106 99
124 189
77 207
91 128
85 221
212 77
193 60
86 170
95 79
80 162
211 217
115 194
77 142
150 247
132 3
166 87
75 93
245 90
75 31
145 116
133 134
188 88
27 218
187 157
85 92
238 14
133 86
249 86
53 84
24 96
93 67
235 43
229 239
55 159
71 30
148 116
108 38
230 217
23 243
132 106
199 239
90 142
245 103
10 52
156 194
206 163
160 232
100 251
42 15
115 175
69 71
246 87
59 7
7 12
195 25
227 101
3 81
153 67
105 168
169 130
1 104
48 192
91 79
140 126
90 194
70 226
74 118
248 168
86 11
95 213
50 178
39 23
230 1
39 199
46 159
164 8
86 212
216 109
169 117
149 78
157 3
225 231
118 139
201 11
243 18
0 112
154 43
0 50
147 178
74 113
204 120
232 174
200 32
237 227
250 77
209 6
203 202
133 27
90 67
250 221
247 160
73 88
196 96
10 205
92 129
163 206
127 14
27 70
188 182
189 238
154 76
92 144
124 118
40 42
137 95
62 35
19 203
177 121
174 85
157 208
240 110
2 94
234 33
120 137
7 95
163 51
113 62
8 191
85 86
116 230
117 5
93 160
33 93
192 149
114 30
208 171
206 18
116 145
20 221
232 98
115 128
39 191
18 80
135 33
151 139
243 108
131 87
121 71
201 61
89 249
106 24
202 76
239 152
156 3
146 154
96 112
123 176
99 214
250 102
210 15
238 29
130 118
94 94
126 209
90 30
53 100
153 80
68 80
181 251
63 244
12 218
117 200
72 117
165 253
30 167
217 8
128 81
3 254
144 39
226 178
230 94
172 49
83 60
91 123
27 117
25 15
231 136
58 252
240 81
79 68
166 79
105 64
54 70
81 24
92 30
158 45
168 53
181 200
28 164
150 106
30 61
238 89
68 125
91 96
246 10
250 212
254 193
86 121
80 202
113 14
203 180
102 195
154 26
38 74
214 216
52 133
116 125
225 118
48 59
117 137
7 51
219 191
26 213
230 20
52 115
4 187
12 65
38 210
88 109
56 122
37 29
174 57
116 142
254 37
28 240
178 23
243 242
98 8
242 104
129 99
116 248
247 46
3 26
187 125
62 93
74 235
18 90
142 104
69 108
22 244
149 186
162 183
248 12
28 234
92 45
143 68
40 199
126 123
35 253
240 205
195 19
225 109
243 19
109 29
77 109
195 74
61 30
86 104
53 38
214 118
252 189
174 239
114 224
59 226
132 173
180 22
30 24
237 184
151 140
68 131
223 63
206 149
246 206
186 253
104 86
5 72
157 232
23 14
80 237
183 38
57 206
149 155
26 253
75 90
161 69
245 24
44 30
175 209
103 173
47 229
246 230
92 166
171 71
71 15
174 150
18 40
227 13
125 119
64 72
131 223
58 160
22 31
106 71
106 63
166 7
101 44
33 93
186 195
0 7
235 185
174 32
245 197
142 117
170 185
44 149
207 69
235 219
247 89
75 185
155 97
54 22
119 190
135 201
70 78
228 251
14 3
58 64
202 245
193 32
234 205
47 3
94 158
209 55
243 245
165 41
208 57
56 193
67 241
227 68
211 60
92 242
123 33
208 53
35 37
214 6
19 35
46 219
206 6
247 112
245 198
100 55
19 194
230 160
7 69
12 193
130 215
167 65
111 224
149 34
117 206
147 40
189 12
189 123
250 201
6 103
68 183
181 233
190 178
71 53
54 104
46 15
163 11
12 147
126 56
157 162
10 93
253 236
66 228
131 119
245 210
32 24
139 127
121 106
149 111
36 113
153 125
76 36
220 235
218 252
192 30
124 165
46 67
111 192
239 117
208 8
76 87
21 196
43 150
235 245
13 78
63 117
165 157
0 167
132 137
180 77
60 152
21 133
165 88
241 247
134 153
132 179
137 194
186 105
186 105
153 24
227 17
203 144
22 157
117 180
75 248
17 152
142 22
167 96
94 120
207 235
243 35
40 49
250 228
155 107
215 206
138 38
244 164
34 128
201 21
168 232
26 158
7 15
215 3
31 174
100 93
107 95
78 251
75 147
174 91
220 135
46 183
173 243
71 21
183 241
216 156
229 167
52 188
81 9
226 149
157 30
14 183
90 26
9 143
37 177
182 64
94 5
195 42
142 204
96 209
84 66
243 87
135 166
157 64
146 87
146 235
80 166
116 147
180 204
116 105
115 206
173 21
41 36
130 112
60 173
214 40
134 124
249 179
244 175
182 202
223 214
138 91
117 229
34 236
175 48
118 29
149 131
118 239
15 208
2 142
123 186
39 251
94 156
212 116
220 178
38 1
131 61
25 5
177 180
8 144
112 99
132 104
235 226
63 230
149 143
146 246
52 247
194 199
95 17
147 236
185 3
241 20
6 42
97 168
155 4
172 53
41 142
220 155
119 229
196 186
24 174
133 126
30 69
97 214
186 116
196 142
138 231
236 146
112 119
198 190
138 237
159 218
101 196
4 55
181 20
210 199
49 184
185 146
177 145
151 195
193 149
14 165
212 97
77 112
215 203
151 195
162 19
45 100
168 31
122 212
194 104
8 46
96 35
102 169
84 84
166 51
156 179
11 98
222 48
153 85
32 102
243 213
39 50
80 117
65 33
187 75
177 123
213 62
237 60
32 249
201 73
141 204
69 252
101 26
52 33
193 38
2 52
249 129
4 1
225 142
93 86
115 17
50 236
197 40
22 96
43 108
220 100
93 127
181 82
43 204
92 143
135 214
82 26
52 218
160 64
13 102
101 53
252 225
104 10
250 228
106 103
254 212
81 12
202 245
102 72
112 234
223 51
31 112
137 141
60 205
234 25
5 140
140 61
25 160
13 182
241 97
120 82
19 95
19 144
253 86
253 99
35 86
130 38
15 97
135 91
168 182
166 178
239 62
172 89
234 128
205 147
133 238
180 64
235 73
162 230
170 62
77 154
42 168
193 45
87 9
155 191
59 51
250 12
31 135
87 125
51 99
233 107
48 238
155 158
93 215
195 155
91 1
127 22
188 183
148 64
204 129
201 178
66 55
68 17
125 159
51 135
197 130
14 212
142 184
25 147
30 131
105 19
11 30
150 52
252 87
105 80
195 176
80 119
76 98
27 245
70 129
136 98
72 80
121 33
33 207
50 180
140 118
233 248
238 3
28 194
208 98
99 86
233 141
113 112
11 147
170 207
241 202
31 99
43 158
83 126
77 71
228 243
186 57
103 253
144 7
26 133
2 248
215 145
110 180
117 44
129 187
57 106
109 216
83 232
226 254
81 99
164 116
85 209
182 171
127 206
26 162
83 240
144 11
16 26
99 46
242 183
109 244
247 96
135 34
105 63
101 109
142 55
95 212
48 201
22 54
60 76
237 241
180 47
82 22
69 161
91 123
85 44
239 212
21 119
166 213
38 190
222 46
174 58
39 66
79 8
195 65
63 5
116 108
14 94
202 48
221 126
83 228
161 130
124 1
2 50
187 178
163 42
177 245
60 172
18 87
164 86
4 228
49 234
48 227
12 15
72 69
235 244
205 5
126 159
251 3
9 176
111 44
105 82
171 76
67 54
232 34
94 74
191 224
112 75
15 190
101 9
58 160
238 188
57 150
121 169
61 93
24 190
154 188
192 243
132 48
51 145
168 10
74 187
22 208
253 12
0 119
91 70
204 175
205 204
144 124
140 148
156 225
206 55
244 138
76 214
150 254
249 115
66 2
128 112
27 156
172 29
192 83
104 55
197 6
22 95
63 18
231 241
237 62
208 144
7 60
220 51
214 146
101 174
162 241
72 11
236 51
144 56
241 100
59 64
155 160
123 61
65 183
240 5
167 218
76 191
94 28
139 76
20 171
191 163
238 99
60 63
244 120
170 207
106 193
231 124
207 107
150 70
133 153
145 14
77 230
207 74
254 111
10 83
106 147
172 227
10 107
178 66
122 124
216 81
199 7
100 188
140 5
223 55
147 194
184 222
24 176
84 158
22 21
60 135
6 0
74 25
85 220
99 118
101 239
3 149
64 13
58 197
120 196
241 179
104 102
31 169
226 55
141 174
232 96
14 150
20 56
143 51
180 172
78 94
76 214
139 157
184 233
127 213
217 250
5 141
156 106
84 14
84 1
118 200
13 55
140 60
4 121
229 201
206 166
225 205
192 127
249 136
19 41
8 95
232 120
173 80
199 54
254 112
72 47
33 172
213 108
53 34
0 152
13 201
143 81
94 91
210 178
235 205
191 75
228 11
109 82
221 3
28 190
100 129
122 210
194 228
9 92
148 2
164 234
53 90
236 32
127 10
227 43
69 177
149 130
16 249
153 229
29 54
81 208
49 23
111 126
5 96
205 203
20 4
0 103
97 6
229 222
99 65
169 75
151 3
220 168
107 69
34 28
13 73
191 159
124 52
161 27
145 75
229 253
24 95
196 11
254 36
199 90
173 248
124 10
216 16
167 133
240 186
154 237
36 245
199 143
15 97
233 1
225 34
23 25
79 59
204 124
205 127
170 82
238 42
222 49
73 221
96 67
45 224
16 44
173 18
110 66
235 55
41 69
77 17
227 186
80 206
205 242
242 64
61 158
75 129
75 202
169 162
156 43
241 56
222 125
6 159
71 229
18 46
52 83
86 135
123 218
104 192
83 89
99 17
190 161
96 75
60 212
163 125
49 168
79 183
209 166
27 16
143 187
135 180
251 187
58 18
234 226
182 200
254 176
117 140
67 242
108 168
116 58
122 110
129 123
200 142
124 15
42 205
148 233
156 122
250 79
189 113
147 12
127 142
249 181
200 222
56 73
179 250
140 6
247 142
22 60
203 37
208 131
185 4
83 132
114 0
219 110
60 244
213 251
198 203
182 197
97 180
36 169
38 153
190 210
157 135
104 22
100 92
253 58
225 168
93 218
194 107
101 157
246 18
13 159
33 169
231 3
4 95
172 208
71 186
233 132
15 79
253 191
55 15
136 25
189 192
248 4
226 149
165 93
161 56
183 74
205 99
186 181
214 60
209 226
83 172
226 58
195 26
175 189
178 209
164 54
52 239
134 171
15 89
89 56
49 241
243 15
10 37
80 245
64 96
120 84
165 63
252 131
241 153
70 216
137 241
208 162
241 54
28 26
235 38
154 30
233 53
39 92
171 46
123 138
0 128
38 24
95 116
208 211
192 111
71 221
104 182
176 101
166 4
111 135
79 208
199 242
174 253
247 219
240 48
182 17
149 22
7 12
75 116
75 52
176 233
6 154
232 225
37 201
132 120
243 161
70 160
172 101
141 41
128 140
158 236
97 94
216 200
46 162
8 188
244 63
80 248
250 20
203 113
170 218
254 238
62 93
89 161
239 4
144 137
185 29
79 27
57 40
214 26
24 210
109 140
125 75
40 104
80 13
109 154
237 45
200 197
163 253
22 54
189 142
198 64
53 141
13 129
19 226
245 72
112 66
47 154
133 230
229 86
186 181
122 16
171 225
17 103
34 102
210 227
173 141
154 88
11 4
39 94
215 235
80 122
13 177
198 2
167 137
207 237
131 180
233 126
199 233
4 145
125 159
181 103
239 36
88 154
14 240
72 253
188 233
81 40
56 168
153 114
197 135
109 94
226 89
49 79
165 139
134 222
163 171
250 0
186 36
1 169
62 101
203 163
189 113
150 191
43 100
92 161
144 70
124 17
139 30
184 166
200 35
52 139
77 140
122 6
234 101
87 85
120 177
87 166
88 235
12 143
216 1
188 252
81 178
23 38
129 95
148 165
168 46
161 131
226 146
113 180
250 86
44 58
106 64
172 208
134 183
76 241
231 228
69 148
247 242
43 42
42 95
123 230
205 135
214 166
157 233
129 65
34 210
239 147
198 181
193 1
245 144
61 172
249 114
132 81
97 92
31 11
160 121
248 70
45 243
13 79
231 98
254 36
196 54
127 83
179 71
25 10
135 50
235 164
45 238
114 99
227 167
198 90
69 164
233 214
191 221
177 33
3 130
113 173
29 178
50 130
128 92
83 212
5 58
177 186
220 176
26 238
24 99
145 184
143 48
44 44
93 96
157 10
229 203
93 214
37 223
40 205
149 104
10 190
27 80
139 252
165 139
122 2
227 168
243 152
37 185
151 214
217 135
154 142
97 79
71 76
193 151
214 102
165 6
227 57
151 135
187 9
165 124
175 193
196 19
26 48
38 112
56 35
90 215
27 81
132 114
253 197
43 2
218 24
37 84
235 173
225 4
168 185
2 151
91 217
90 238
211 181
196 140
188 30
243 15
63 220
55 1
29 144
154 237
6 160
246 150
36 154
177 223
246 8
163 49
70 45
47 178
196 211
18 15
50 206
131 42
12 166
40 115
211 99
48 101
167 71
96 8
98 241
16 77
238 59
63 76
72 200
195 175
208 100
22 185
249 188
201 170
239 95
225 130
239 108
32 127
35 182
62 3
96 192
139 250
18 76
150 71
114 18
219 8
202 106
28 80
252 174
195 24
122 113
57 237
28 162
28 118
182 21
114 82
21 6
180 188
1 141
244 198
110 53
3 227
99 69
73 18
39 167
68 197
98 211
230 137
108 84
252 251
145 91
153 215
75 218
217 104
148 151
249 225
42 216
89 226
87 44
111 116
21 45
210 217
187 9
110 139
33 251
176 204
25 237
251 94
116 204
0 0
63 109
149 143
188 12
161 211
220 231
25 36
22 191
190 139
125 108
62 23
176 75
93 131
127 117
190 190
196 132
27 20
168 227
77 83
139 120
131 163
81 198
227 59
85 162
129 171
58 187
17 8
10 125
209 176
139 245
88 56
131 157
139 104
143 79
188 38
175 205
31 153
42 217
12 195
92 214
82 105
34 216
149 2
27 230
46 43
170 41
67 12
164 207
215 214
227 102
88 166
159 123
205 194
34 103
67 109
192 94
3 84
61 216
72 185
154 200
203 167
63 20
236 89
157 71
164 115
39 109
113 130
18 149
52 172
164 168
193 145
29 187
26 158
237 74
156 129
12 90
107 135
43 223
233 63
125 75
241 244
13 156
118 38
40 14
137 88
128 192
150 102
73 177
46 168
174 185
94 24
3 33
155 245
163 245
104 46
65 26
145 82
82 201
116 163
206 32
32 107
208 239
59 131
204 66
126 188
11 126
77 177
176 124
101 52
59 80
227 144
105 11
230 171
227 79
219 227
103 2
48 168
51 21
101 152
153 240
205 26
229 193
10 69
163 116
54 47
47 27
19 157
212 238
218 111
57 55
130 18
174 212
231 158
45 92
29 108
252 69
123 52
240 199
47 28
205 207
11 88
250 132
29 120
208 175
26 184
238 160
226 69
226 214
170 163
223 63
7 24
219 132
225 58
110 115
184 150
210 94
212 182
34 219
14 144
114 50
145 250
171 102
161 109
41 206
166 3
244 181
254 132
35 182
233 218
47 19
163 65
130 141
45 55
63 228
132 54
47 114
32 224
57 13
77 130
50 193
151 117
204 182
227 36
131 231
234 70
207 106
210 25
169 52
55 74
84 114
164 125
174 231
154 114
230 228
99 238
37 224
211 211
235 230
173 240
96 163
196 116
55 243
45 31
18 168
205 174
85 62
79 86
225 37
0 120
36 120
143 57
192 184
149 11
171 154
191 170
16 184
52 170
85 111
4 30
203 12
237 139
249 0
140 235
92 182
245 34
97 46
49 244
198 162
133 80
38 5
119 77
73 58
117 59
34 166
180 187
175 218
95 195
201 201
70 62
231 67
128 233
42 53
27 235
155 117
136 151
100 184
4 211
220 187
22 142
216 119
135 192
42 193
162 134
108 152
51 0
91 236
2 182
138 172
148 138
51 116
194 68
204 89
113 47
172 214
23 100
120 29
214 168
63 168
22 42
53 54
12 178
176 242
110 66
167 11
159 142
52 130
229 32
213 151
3 136
225 228
65 90
132 178
107 108
208 5
98 58
243 72
0 1
92 140
201 189
157 198
122 237
93 139
190 143
234 103
190 181
96 6
193 173
252 4
37 143
36 106
38 206
1 174
99 93
224 17
226 180
163 64
92 12
44 62
248 4
164 121
68 251
129 94
6 65
162 142
216 105
171 92
223 31
140 26
163 223
168 79
75 50
97 228
127 27
197 243
46 175
48 244
219 9
4 147
210 225
113 204
116 182
7 88
21 89
45 227
121 91
25 55
144 36
149 158
95 208
27 231
44 127
1 106
202 48
75 147
160 199
96 192
96 96
79 46
193 176
174 38
91 192
236 176
186 1
241 118
57 78
77 159
132 70
188 19
228 231
203 140
50 94
95 181
33 140
154 138
251 185
30 19
45 187
194 196
4 170
52 128
209 80
87 163
80 58
109 67
92 131
200 53
119 73
149 79
60 229
193 201
228 246
26 145
56 134
253 245
209 147
138 1
119 149
242 104
65 161
232 38
218 47
70 71
155 163
224 206
88 43
103 8
206 176
95 14
86 15
211 229
241 34
50 212
65 143
190 131
229 204
135 180
202 50
65 69
108 135
144 153
158 252
65 111
169 9
154 155
106 81
165 53
19 86
78 31
147 78
164 27
55 69
11 236
241 97
39 114
231 210
104 5
94 228
149 203
169 81
111 68
15 238
150 158
126 172
16 42
227 170
126 146
99 71
208 77
60 227
134 28
33 42
218 92
241 166
12 87
55 155
208 166
136 18
98 93
19 67
13 146
181 180
254 127
213 112
63 138
210 42
13 20
83 61
137 41
218 201
173 204
20 145
133 201
248 130
116 203
128 60
225 177
226 93
215 215
129 185
117 133
111 48
182 114
63 76
3 189
41 100
44 184
200 133
252 57
210 8
58 65
191 101
13 66
26 103
28 96
108 166
53 138
231 239
74 150
197 233
191 248
27 46
104 8
75 202
89 94
137 6
188 52
206 25
17 77
161 141
236 96
122 189
22 192
9 40
11 102
191 2
98 83
0 194
57 214
238 70
193 16
131 82
119 153
169 101
209 74
92 242
89 143
119 57
240 235
161 81
174 208
27 28
53 36
93 55
112 132
137 70
236 119
78 87
107 136
134 108
47 146
8 205
135 73
93 254
141 92
217 221
153 136
52 224
231 42
75 222
35 1
221 147
240 30
16 110
121 20
76 14
231 0
192 86
28 246
228 206
148 44
192 181
76 11
109 221
142 86
26 93
47 95
76 197
82 73
56 123
244 113
81 198
179 215
196 236
221 197
76 190
185 178
36 237
34 221
13 136
222 208
55 240
254 161
178 217
80 149
115 200
121 85
83 214
166 247
118 141
157 148
96 232
44 69
157 206
65 12
87 133
175 66
74 250
146 208
159 5
117 201
222 37
7 147
177 167
202 56
157 119
93 38
201 97
68 38
230 5
211 235
228 42
182 91
152 210
197 67
185 202
99 243
119 63
81 3
229 107
254 21
230 25
179 142
149 109
113 193
110 37
125 27
65 66
132 161
172 205
212 54
102 76
227 189
205 64
89 153
68 6
25 153
174 65
116 227
254 242
106 39
37 102
20 192
195 17
200 112
47 138
35 151
185 225
52 8
248 170
68 206
236 49
62 135
247 133
149 48
124 48
151 188
147 158
145 12
168 156
201 70
18 128
68 26
156 236
148 190
200 117
111 59
14 218
134 188
184 241
85 162
6 175
195 61
43 123
75 247
108 41
38 76
238 204
61 129
58 236
24 246
53 103
199 121
90 209
215 220
85 242
163 251
160 122
13 234
218 4
108 70
101 5
211 28
165 56
14 57
165 210
175 67
21 181
98 70
194 164
6 60
102 132
195 65
44 142
13 14
219 83
167 196
158 136
91 203
72 139
120 29
202 149
122 74
13 221
76 221
115 196
46 4
186 156
52 170
103 144
75 167
201 143
45 203
242 91
87 50
49 20
2 143
146 7
85 164
194 193
169 163
10 240
90 155
150 215
215 215
64 195
234 105
242 46
228 251
101 246
54 115
112 120
66 197
78 230
165 240
79 7
3 248
22 209
90 83
57 101
86 59
90 59
152 244
230 107
226 66
187 112
51 196
102 187
94 90
102 57
104 44
241 176
225 100
202 229
227 74
159 49
200 201
216 79
184 74
80 8
27 23
89 118
149 121
169 145
217 30
63 215
132 76
1 250
165 238
3 158
241 150
130 87
155 242
108 80
212 137
0 67
91 251
91 151
51 68
40 227
148 38
101 71
84 22
29 120
151 197
114 202
97 174
156 199
182 197
154 127
75 227
65 27
126 63
236 200
41 200
138 165
23 29
247 206
117 54
163 112
66 24
37 52
209 17
43 53
225 108
70 59
61 215
111 196
230 251
232 38
221 92
210 215
20 209
84 199
214 155
95 119
10 58
58 139
192 44
177 71
109 210
127 124
187 168
195 107
46 87
175 250
61 15
69 221
49 13
253 50
7 12
126 77
254 4
218 134
230 135
250 251
24 156
136 131
54 21
107 44
33 3
66 2
57 250
130 1
15 154
200 140
196 252
190 248
247 114
116 70
220 44
88 94
51 83
35 207
44 81
211 80
244 254
156 235
132 193
241 69
139 156
70 229
199 175
230 39
227 133
56 252
241 75
43 108
10 216
25 84
21 63
70 203
186 149
80 36
147 92
92 111
72 31
107 49
213 131
114 194
100 99
206 207
78 39
160 68
137 20
7 234
149 230
175 247
24 158
93 210
218 35
211 82
118 225
127 218
11 149
135 209
162 182
87 251
81 61
183 147
36 226
103 7
229 42
187 145
62 1
78 36
75 17
211 95
211 109
66 157
107 145
41 149
99 80
158 60
47 170
128 63
249 76
218 174
136 197
32 241
29 110
145 201
19 80
163 108
251 97
89 149
176 205
167 225
96 5
154 106
204 215
160 83
62 237
182 168
50 130
54 143
220 104
21 192
152 2
247 196
228 6
248 147
87 162
85 188
219 209
38 102
226 96
22 45
220 172
199 244
250 174
195 183
144 125
29 83
186 69
213 116
168 26
204 178
238 5
118 56
120 54
246 58
88 58
53 233
99 167
100 129
204 215
23 136
49 200
98 99
80 127
181 210
143 230
38 47
164 90
115 144
82 219
221 124
224 28
242 13
35 99
179 27
14 195
83 51
205 183
104 229
227 230
228 79
81 139
98 116
23 147
77 136
76 113
59 243
221 42
92 119
153 64
51 162
150 165
2 114
9 4
29 173
179 69
38 127
154 145
151 118
96 134
78 3
177 203
189 127
122 218
99 134
25 36
139 131
214 153
234 72
200 245
172 109
237 8
149 106
216 187
125 68
99 130
252 225
4 72
88 56
8 33
216 138
169 113
142 101
73 90
31 253
49 228
162 252
49 128
205 19
60 21
152 219
94 44
78 34
21 105
129 211
160 210
181 110
52 50
140 35
34 58
82 91
213 250
60 219
74 116
67 71
253 66
162 64
183 146
21 55
91 187
169 77
3 83
150 165
229 137
213 250
60 94
103 37
54 45
11 246
50 221
236 169
233 20
55 203
8 138
185 165
137 241
244 195
177 119
131 86
214 101
138 7
69 48
69 217
111 131
200 170
74 248
36 254
32 80
188 194
110 69
39 227
101 72
58 163
78 179
237 198
243 111
162 238
46 29
233 171
52 150
115 12
220 137
197 187
30 204
142 45
28 40
2 114
219 33
56 9
61 128
247 11
29 55
55 220
219 137
186 193
2 77
170 101
221 103
148 206
5 181
105 228
33 230
22 57
90 234
19 98
125 3
239 239
148 171
18 177
15 13
24 173
152 223
68 3
227 64
222 171
30 36
18 239
124 216
11 38
95 56
11 86
204 245
26 38
159 195
110 122
152 230
45 45
174 25
44 49
104 165
92 156
164 234
65 14
107 146
87 3
88 40
123 231
2 208
170 175
108 115
12 34
195 184
8 34
236 211
122 129
70 79
82 72
198 168
206 145
244 193
112 155
178 4
17 219
172 50
17 141
61 216
118 104
7 125
226 211
26 187
207 83
122 172
246 129
240 24
27 116
184 62
63 16
51 26
71 90
242 135
114 168
200 173
140 19
240 195
192 101
158 78
238 145
30 161
18 85
80 159
183 168
0 104
207 119
139 231
30 212
178 242
113 2
228 247
80 100
86 34
54 151
46 29
150 189
165 152
222 81
155 33
86 173
9 190
71 185
53 113
26 41
216 116
43 26
106 249
233 209
194 244
128 192
199 73
156 44
99 196
47 22
23 10
237 103
148 182
18 170
127 229
122 8
8 85
127 162
92 98
249 240
35 81
217 12
228 72
73 145
63 173
208 32
220 165
38 47
183 211
87 107
235 127
180 151
111 205
142 102
77 187
29 178
181 63
6 243
244 224
237 190
184 243
39 211
100 171
5 40
231 2
174 1
196 163
45 86
238 233
124 119
8 31
185 212
58 52
40 254
16 109
194 170
38 93
22 204
66 17
213 215
72 44
12 48
239 65
54 68
113 186
117 155
112 33
10 150
92 199
213 187
238 91
254 179
48 27
34 102
54 23
81 242
59 21
248 160
6 116
68 65
140 180
235 248
177 5
100 171
101 173
101 252
33 236
52 38
144 83
207 138
109 157
15 122
43 111
254 49
168 99
107 179
96 94
30 254
156 43
200 114
40 238
132 87
131 53
232 252
19 229
70 186
9 177
41 8
157 56
99 153
29 97
25 111
176 55
216 150
83 191
165 102
49 94
8 220
242 94
111 234
206 122
54 98
228 95
40 103
130 73
17 69
26 77
16 211
75 220
118 141
46 177
233 214
51 85
254 23
73 36
7 153
171 193
246 93
156 190
48 101
187 56
205 108
229 49
157 55
157 121
36 65
222 218
72 215
181 171
4 70
142 151
47 49
23 5
234 196
212 72
102 235
242 106
174 117
168 38
27 134
152 100
98 140
218 115
196 122
5 234
208 220
110 33
68 29
13 231
34 253
189 99
160 79
160 110
197 141
1 111
160 42
205 17
200 241
1 197
126 60
94 205
15 59
243 184
91 12
75 117
57 7
219 53
73 228
97 149
26 135
224 223
5 42
203 51
5 11
125 24
184 191
94 239
109 170
122 113
91 58
216 102
131 253
13 178
143 215
128 202
211 243
156 117
23 148
191 42
34 48
241 224
40 191
177 207
236 156
228 47
86 238
191 167
98 243
208 241
207 62
196 168
179 129
69 61
19 31
80 164
7 107
217 55
121 63
254 0
120 38
24 173
38 72
12 38
241 242
201 181
58 107
130 214
194 153
60 114
99 13
188 142
56 157
52 129
29 6
25 159
177 183
170 191
66 55
9 211
226 80
138 67
194 130
229 158
67 56
14 218
151 83
61 52
222 239
103 102
84 76
108 24
11 33
223 202
224 203
192 243
163 49
150 111
71 80
133 195
228 12
129 112
159 250
158 173
5 123
101 252
117 181
170 15
16 198
219 142
73 179
187 158
188 97
170 238
252 90
43 158
57 208
246 54
68 199
34 134
28 58
23 59
123 128
188 162
254 36
28 31
116 1
250 138
119 83
67 231
21 54
233 111
96 235
244 98
226 27
154 164
188 49
254 171
205 252
236 223
154 129
42 40
228 46
59 24
189 119
98 192
175 29
98 254
0 75
6 182
103 24
204 115
170 219
31 87
75 64
91 123
56 244
148 108
190 96
110 150
61 192
148 51
253 188
90 108
115 125
201 38
136 10
9 71
22 217
33 248
147 25
165 202
20 157
36 135
38 238
126 203
200 117
58 152
176 81
132 78
62 14
81 178
62 5
15 12
30 216
189 108
147 69
214 250
228 30
83 233
214 38
72 191
252 57
11 123
160 245
145 8
189 39
172 143
125 205
41 38
146 197
93 98
75 227
153 136
173 91
3 31
0 76
217 194
30 88
221 106
187 58
127 94
31 103
202 126
53 249
138 163
246 50
5 74
220 40
161 248
206 118
112 72
91 224
243 180
62 87
173 6
42 245
37 86
138 2
134 114
130 89
239 153
196 6
120 134
213 82
92 212
88 11
109 225
139 42
195 142
159 189
224 79
190 93
2 72
155 26
4 108
50 150
121 214
237 106
161 221
182 225
221 219
157 170
212 189
179 239
229 45
83 33
207 59
156 86
74 58
18 94
68 162
118 26
203 197
157 244
56 41
191 8
18 127
7 151
66 72
82 136
160 82
31 112
135 131
33 11
58 118
195 227
250 216
224 53
111 149
58 21
164 68
248 92
39 154
33 195
7 8
93 20
99 245
157 132
214 178
20 191
159 103
203 72
163 6
158 124
108 164
171 188
41 61
128 211
60 107
245 12
97 92
151 8
135 198
160 233
142 120
11 229
169 171
3 6
219 50
241 116
42 40
216 84
72 200
15 242
84 199
152 178
240 125
49 240
74 247
213 234
10 55
22 112
245 112
172 23
245 150
236 113
140 17
107 222
102 235
199 65
126 155
248 29
112 189
156 116
14 69
165 222
243 212
172 106
226 12
107 204
208 0
107 190
83 56
212 106
183 242
63 0
72 154
249 209
168 11
171 152
215 63
87 183
80 206
210 199
23 206
115 237
235 106
76 253
184 199
139 188
97 155
197 27
104 59
189 176
167 171
234 72
12 207
115 200
190 129
135 122
87 36
252 22
193 233
236 209
77 220
144 60
221 139
242 96
177 240
59 115
55 67
54 20
113 4
101 215
1 196
110 200
141 228
242 74
89 190
226 188
25 118
50 33
168 250
111 242
60 161
19 101
147 14
155 58
103 22
93 103
196 174
184 222
29 241
235 220
34 194
247 71
246 154
13 219
35 167
253 254
215 95
154 100
96 101
110 232
109 179
115 68
165 176
77 165
109 13
85 132
4 253
95 103
53 190
77 198
181 5
201 173
182 95
54 27
225 123
162 193
216 131
10 79
119 221
58 213
184 236
235 189
184 141
54 29
116 114
49 14
62 172
233 91
96 52
228 122
111 97
108 161
217 244
110 140
198 127
86 74
28 156
103 97
99 196
58 95
194 66
207 222
173 13
49 8
217 67
23 122
43 65
17 160
180 64
187 109
166 230
49 150
226 13
115 131
99 136
197 59
250 230
19 211
246 91
55 16
26 128
190 20
247 226
12 88
69 180
1 94
176 121
61 220
24 239
220 144
110 242
7 55
102 166
2 157
45 195
160 30
177 98
161 125
177 107
97 104
182 60
155 145
77 5
53 219
82 208
8 167
226 49
126 253
148 3
63 242
240 215
172 95
192 32
235 167
161 92
57 58
134 42
225 14
59 76
204 76
194 109
159 58
97 168
180 57
127 159
200 188
16 64
250 246
30 34
3 247
53 208
188 6
194 58
253 246
84 217
148 107
130 75
134 226
162 79
56 189
231 102
254 126
113 173
153 180
201 193
152 72
242 6
46 21
133 224
22 29
148 15
42 214
35 146
14 134
136 85
214 235
242 246
229 7
55 8
79 8
153 60
247 31
177 20
68 72
180 208
170 200
96 119
158 156
123 38
101 173
125 251
23 85
6 72
164 91
41 221
35 51
39 238
159 46
17 241
196 217
1 193
59 196
8 82
34 145
180 249
76 35
2 189
242 160
234 149
75 223
85 23
40 192
1 203
13 15
44 177
92 101
34 122
40 173
147 104
236 226
155 172
4 205
138 169
208 173
41 130
208 202
250 226
135 56
21 21
211 62
145 7
186 40
87 24
209 123
195 29
108 236
43 97
133 205
141 6
192 248
167 136
89 202
176 232
202 17
95 82
235 87
121 3
237 135
38 151
0 78
91 185
169 81
94 210
237 218
224 45
243 65
134 153
184 244
197 184
103 231
219 138
70 146
60 21
248 212
83 154
127 124
164 0
247 68
60 179
54 220
77 178
119 107
66 12
46 242
239 125
133 240
175 190
160 128
6 75
178 82
39 118
8 220
54 253
216 41
37 62
35 201
99 193
49 166
14 193
112 107
43 230
16 176
157 155
147 4
210 211
219 115
234 117
92 83
250 22
45 95
100 18
118 194
147 187
22 207
117 144
231 179
225 99
246 233
171 120
229 146
158 187
124 105
161 98
171 157
121 88
156 92
252 76
98 112
132 24
165 23
56 234
53 180
85 134
192 214
26 139
33 172
221 239
124 220
14 79
56 96
85 13
62 251
181 218
62 155
167 136
166 228
103 198
240 32
64 192
81 156
140 101
101 159
53 125
126 250
236 160
51 112
27 134
132 24
105 27
113 16
18 87
30 249
201 199
175 211
194 76
244 251
122 164
115 120
110 17
248 181
111 83
228 99
68 49
102 88
150 173
174 177
142 3
138 217
113 164
68 139
127 90
168 75
217 241
7 75
175 184
145 71
3 131
10 86
124 228
203 76
42 146
96 221
248 40
96 104
159 209
64 205
13 140
168 166
20 56
103 165
236 225
185 249
71 57
122 0
41 115
55 184
145 124
91 5
210 152
193 211
227 107
184 20
145 154
55 98
45 26
55 82
167 156
129 40
78 106
8 249
46 121
172 50
6 108
213 137
20 190
119 182
117 87
70 56
175 73
166 198
54 173
135 80
218 25
186 131
30 74
162 75
245 111
223 237
27 137
146 215
76 66
48 123
211 180
72 36
172 152
166 251
250 112
43 18
57 105
79 152
106 204
186 56
183 248
157 215
142 56
88 198
237 222
245 254
169 127
103 184
210 52
201 68
237 132
73 248
158 128
215 145
150 111
224 77
251 117
116 227
86 117
161 49
233 143
234 123
224 121
86 254
26 36
86 109
91 37
45 17
200 117
124 61
239 66
172 169
100 208
159 164
237 105
144 210
136 230
66 165
12 82
214 146
15 188
73 131
208 97
92 15
74 253
12 80
49 50
215 142
176 147
52 32
226 70
32 103
120 176
123 20
251 20
247 75
245 203
165 201
208 17
227 136
198 53
84 236
59 139
169 39
7 49
134 225
167 91
150 1
43 211
218 225
162 195
158 45
55 16
252 234
193 18
237 116
98 152
192 98
24 200
146 155
118 154
213 82
158 111
56 168
105 117
39 151
47 81
64 147
254 226
58 112
20 187
150 230
126 72
49 55
54 151
14 85
194 15
59 70
103 89
55 60
38 80
161 72
111 184
232 155
36 43
171 113
187 153
245 11
169 134
20 103
230 31
203 144
100 41
204 215
113 215
235 131
155 94
62 251
105 112
127 212
86 140
75 141
214 99
122 97
218 121
195 237
30 140
9 40
211 51
12 119
197 169
62 148
154 180
33 79
61 14
68 39
119 215
76 30
155 51
119 56
228 45
30 132
110 217
57 159
14 178
143 68
22 227
96 106
37 162
89 93
66 49
149 4
78 191
227 169
140 3
247 112
45 205
96 172
76 211
228 113
88 60
237 152
14 144
187 196
67 21
215 219
100 166
239 209
101 191
81 153
224 95
208 111
164 48
61 237
131 100
206 152
75 131
227 232
222 125
36 65
24 52
172 134
194 214
50 150
50 84
46 44
55 96
242 98
247 136
63 96
253 27
83 98
21 169
197 206
13 93
76 186
61 69
125 194
145 107
31 228
124 105
241 171
126 230
253 183
13 117
90 108
190 243
11 114
1 207
35 97
128 26
118 226
79 202
69 125
49 53
31 8
7 8
190 226
41 14
18 219
180 53
203 207
31 98
175 23
64 229
180 200
209 112
100 32
206 226
74 86
146 88
68 114
112 74
109 205
155 231
226 54
160 46
50 229
78 148
58 208
234 184
132 19
215 196
143 168
48 235
90 2
210 179
138 103
92 135
212 145
211 116
9 99
156 172
231 36
14 0
75 31
74 71
89 72
120 65
148 224
50 95
67 237
26 133
91 228
219 199
87 171
95 217
146 181
2 224
157 229
178 41
196 142
94 80
98 189
180 38
233 243
118 243
142 34
185 88
77 215
16 116
170 110
134 220
219 234
111 33
54 109
99 171
179 2
163 32
31 171
244 105
209 180
88 1
124 106
137 41
42 128
16 67
224 173
186 152
152 45
192 108
219 39
146 126
112 67
24 166
135 254
157 138
138 180
253 26
59 181
135 206
47 33
21 110
181 181
65 118
46 80
64 37
96 48
192 131
251 203
132 193
125 112
213 171
193 165
181 242
102 192
182 165
143 235
215 31
25 128
41 104
63 74
34 21
211 25
120 72
171 207
254 209
113 215
156 235
71 241
133 125
185 240
59 114
55 46
62 30
245 41
115 95
131 239
55 174
97 234
143 22
3 143
182 134
75 192
16 251
252 153
8 73
18 129
184 143
201 188
62 199
63 158
130 3
215 244
228 137
100 105
161 49
216 222
241 242
153 61
3 248
13 80
123 40
165 227
243 82
234 159
5 56
56 155
201 172
142 37
92 39
202 154
208 105
186 244
92 216
249 250
198 132
90 216
31 8
123 98
171 180
187 252
92 189
1 214
186 155
4 221
13 236
166 136
193 221
142 116
136 62
193 151
55 29
47 159
194 27
43 9
186 60
157 72
82 136
96 121
243 114
114 210
95 108
15 72
222 6
115 188
184 58
231 53
15 180
54 152
163 46
207 195
119 35
55 175
30 154
202 211
173 232
253 0
167 221
55 57
206 248
229 114
226 6
53 77
115 137
165 91
125 84
75 200
77 194
179 192
69 249
178 79
107 203
14 238
96 222
201 142
59 247
33 75
248 78
164 200
191 64
185 127
225 187
183 56
158 55
69 94
6 28
11 165
229 45
220 45
153 123
128 16
197 54
193 31
108 193
23 78
151 58
93 55
209 214
39 3
225 73
234 229
250 155
24 82
62 225
70 10
183 99
4 32
80 223
165 46
247 224
54 218
51 46
37 46
142 184
155 15
0 153
109 158
254 39
120 73
103 58
224 146
97 115
0 1
115 96
18 176
164 19
164 149
234 2
123 165
180 179
67 153
240 6
165 102
88 174
108 231
214 246
73 208
188 112
128 84
65 240
21 162
13 237
101 226
14 223
22 204
143 63
239 220
158 81
252 153
27 213
97 46
114 129
185 68
224 7
141 228
63 91
36 209
231 208
132 184
230 144
165 97
176 18
211 242
253 14
47 71
208 166
189 47
191 104
216 159
141 17
2 168
168 3
2 37
204 169
4 50
15 20
204 137
197 132
121 254
110 196
79 149
95 124
234 195
80 20
206 195
37 17
167 3
236 48
223 45
57 15
6 104
251 120
77 241
174 52
2 136
93 93
6 113
46 57
156 133
114 190
147 253
219 242
146 78
105 147
193 239
215 136
52 126
206 243
123 41
211 221
152 40
26 197
24 122
140 176
96 251
27 174
134 132
50 15
183 152
107 20
27 242
7 37
110 253
95 60
242 58
188 131
53 103
254 220
35 49
89 94
96 21
24 173
58 48
171 104
203 175
111 208
183 137
157 71
177 101
140 28
133 138
228 200
142 230
200 150
167 95
229 82
117 213
127 192
142 123
195 44
91 95
154 111
216 96
242 183
66 0
203 80
114 246
213 150
91 191
53 106
67 199
34 96
109 84
89 34
249 186
36 117
34 248
125 159
155 73
37 243
25 248
244 157
207 47
119 246
199 44
230 244
54 14
249 147
147 228
142 118
36 159
28 71
170 22
16 230
150 73
158 190
136 174
80 41
72 80
171 56
49 104
124 227
42 233
6 220
128 148
29 71
178 235
84 211
38 158
240 166
192 226
217 243
47 70
232 14
2 195
34 79
33 213
242 31
43 140
105 3
29 217
125 188
94 117
200 247
133 12
226 100
144 161
109 144
23 132
21 60
217 91
110 115
135 101
66 44
241 80
251 210
244 136
89 143
65 96
249 252
211 233
140 82
95 232
76 13
43 219
72 137
209 169
95 254
51 53
61 221
97 164
175 144
183 9
114 75
111 152
106 154
210 162
115 26
12 0
81 229
215 197
32 15
193 164
146 148
142 118
175 52
76 57
55 165
13 200
213 187
195 145
75 51
211 122
62 223
220 91
1 111
251 83
181 190
75 124
80 121
151 149
184 139
116 108
234 148
149 243
72 173
244 64
125 87
209 218
48 145
160 44
145 227
17 5
37 59
14 184
155 57
27 152
111 1
207 244
241 38
59 98
245 226
229 88
189 133
202 210
232 102
19 43
50 183
147 217
99 242
23 152
140 132
49 199
187 28
8 206
164 219
185 209
93 75
58 199
34 42
91 220
97 174
124 162
143 38
175 169
70 118
147 170
226 81
241 144
118 183
60 106
54 157
104 86
128 124
38 117
205 221
153 223
43 215
150 193
156 0
42 180
215 15
195 169
223 62
117 167
202 40
10 19
152 173
68 20
82 108
130 58
229 231
45 122
238 184
173 30
148 193
140 123
223 155
45 155
92 45
12 114
204 163
196 160
163 211
59 43
102 102
30 30
201 1
171 127
41 20
3 140
70 221
139 207
182 163
13 43
28 40
181 165
97 236
2 98
124 210
181 243
219 69
80 213
136 76
49 190
41 101
109 32
148 82
181 41
79 179
10 70
102 127
225 44
84 59
85 72
57 21
98 108
141 235
202 125
149 159
59 8
81 230
62 130
67 115
90 61
136 241
37 245
218 43
99 75
186 94
85 84
202 158
60 243
129 252
173 150
196 251
196 111
145 219
98 119
247 254
181 206
187 249
239 129
138 106
176 8
144 45
221 66
29 61
218 56
149 209
213 65
119 86
155 210
40 21
196 173
131 111
90 196
133 243
250 196
73 162
90 200
150 41
144 116
134 246
247 109
109 180
116 189
26 144
0 155
160 190
238 200
102 132
221 127
219 233
137 206
72 132
197 58
111 102
153 37
100 190
59 195
162 88
219 33
217 187
125 195
14 99
237 176
151 27
187 104
87 101
131 190
234 100
39 119
2 184
173 201
8 93
68 23
48 145
150 88
149 156
3 28
142 55
115 25
137 58
137 204
194 66
167 220
220 225
192 102
18 24
83 200
216 169
245 230
36 75
180 99
26 100
61 206
7 158
54 81
117 97
91 235
232 201
0 250
104 196
83 101
35 71
93 95
191 242
254 137
137 194
99 203
148 183
53 34
31 247
152 80
217 28
109 79
162 13
143 16
12 28
226 39
147 193
178 206
198 180
165 160
154 1
187 105
75 235
37 129
130 163
135 0
71 209
17 93
38 119
73 16
82 163
167 220
251 221
79 204
3 133
208 203
46 140
212 87
146 134
149 186
97 73
154 199
99 211
214 46
150 171
61 14
230 91
81 151
207 57
130 40
188 70
84 160
100 104
24 53
3 254
183 139
39 101
126 93
47 175
245 159
204 154
19 148
235 113
121 235
54 95
120 188
208 148
119 217
150 73
209 161
238 190
253 90
129 13
139 203
142 190
250 168
107 219
176 67
147 91
96 216
47 177
245 155
90 121
194 207
130 16
4 242
27 96
246 70
149 248
180 196
15 245
172 237
43 67
56 171
242 56
235 233
233 145
93 120
154 90
8 42
189 124
120 60
178 49
106 98
135 203
158 41
234 246
58 152
104 190
50 107
24 117
218 156
106 196
242 83
24 40
175 214
96 44
21 126
126 241
174 61
51 154
10 214
82 94
165 102
241 104
2 139
99 164
66 4
98 35
90 106
13 209
62 59
241 206
105 47
92 211
70 167
40 183
111 178
240 89
107 3
21 228
155 25
29 168
71 173
85 122
92 96
9 241
35 169
156 160
134 236
241 189
184 180
240 182
232 248
180 109
110 148
241 243
110 4
71 11
28 194
238 183
232 171
216 194
191 21
150 31
11 128
166 198
174 1
133 183
75 198
209 144
33 151
2 80
159 60
187 162
52 115
166 79
85 67
170 71
178 9
210 7
123 22
215 251
72 51
21 239
144 230
12 117
242 241
236 197
118 11
120 113
197 146
158 231
230 136
119 196
99 214
238 135
209 185
78 94
188 198
249 111
117 221
58 29
244 65
145 132
19 175
65 196
125 128
190 62
139 117
166 108
201 16
96 186
78 24
248 31
48 8
2 43
93 54
13 163
200 118
88 192
93 63
106 151
125 74
20 82
227 8
245 77
124 57
228 98
139 115
221 41
206 96
225 69
116 12
25 88
202 165
190 133
54 186
248 47
148 19
112 201
128 239
158 133
245 187
46 218
209 228
81 214
42 212
253 148
16 218
23 5
120 27
39 207
238 114
242 253
187 181
69 156
101 119
187 177
35 29
209 86
166 215
112 249
206 204
96 108
85 138
109 130
29 177
230 230
247 155
245 197
202 165
199 253
206 179
241 156
42 112
119 85
158 197
210 25
33 22
250 166
22 184
247 140
191 100
146 239
209 50
17 240
121 26
71 128
47 238
84 49
118 14
71 94
116 50
129 239
121 38
40 233
246 68
9 200
68 35
143 206
65 17
213 58
149 109
211 129
116 84
136 168
6 131
149 242
87 231
47 46
121 166
98 53
208 32
183 32
223 231
222 54
196 80
180 137
124 195
22 208
138 219
52 254
236 203
212 205
123 113
172 123
169 46
71 161
81 87
92 74
187 12
47 4
62 224
142 21
215 235
111 151
26 121
152 154
36 193
193 86
242 220
159 179
84 77
212 115
221 95
95 158
227 215
40 215
238 104
138 191
152 135
89 129
143 134
131 71
147 211
209 92
182 177
122 105
156 208
232 89
185 160
59 36
109 93
247 237
163 94
50 187
45 110
5 39
89 110
109 94
92 249
226 12
3 45
173 166
220 67
250 252
97 69
193 227
228 135
37 51
38 104
190 104
254 80
51 177
109 156
229 58
95 231
38 44
224 194
38 233
60 179
34 195
49 67
164 119
246 112
153 163
245 245
184 119
44 156
91 199
9 165
51 231
12 131
82 143
252 212
250 107
141 185
73 220
72 171
62 216
88 244
243 217
51 28
198 69
130 162
1 177
179 181
64 18
107 151
15 210
186 178
105 153
102 183
182 134
168 49
144 114
243 139
17 239
213 178
201 127
180 250
89 196
128 63
187 56
99 198
163 81
131 212
9 216
122 99
198 150
152 252
145 114
82 82
223 146
29 176
44 6
220 40
38 11
147 224
130 26
72 195
232 96
89 86
64 134
53 132
229 67
72 178
176 86
69 107
105 91
68 197
127 3
49 121
210 41
225 151
71 105
165 194
112 194
170 181
253 56
148 253
214 44
177 192
151 192
209 139
39 103
113 61
79 85
254 52
213 138
50 39
113 184
67 45
248 103
99 205
175 59
69 15
44 160
185 235
58 130
88 205
137 50
235 17
53 43
228 243
76 196
97 200
77 176
118 153
26 91
66 19
116 86
248 216
5 41
151 29
21 242
4 205
200 171
138 78
52 224
79 80
217 70
230 21
106 120
168 248
50 6
100 14
149 198
2 33
15 80
111 105
179 121
110 243
245 143
104 171
74 39
47 192
196 54
143 52
68 107
34 20
151 160
30 29
61 132
49 90
194 167
60 99
125 97
145 18
70 1
215 106
72 93
247 192
88 165
137 69
45 10
20 55
1 236
10 106
104 191
232 226
227 23
235 165
180 232
232 48
160 96
144 109
234 53
213 52
125 240
158 14
106 38
225 44
59 48
93 43
38 164
127 141
59 91
196 154
191 147
226 165
111 100
38 154
44 146
45 12
158 106
184 228
165 85
175 109
15 103
119 27
3 85
211 99
154 214
9 143
177 182
137 106
170 113
185 116
219 168
78 43
193 69
168 223
138 162
38 150
120 197
179 57
199 48
40 166
20 149
212 253
11 75
107 173
41 51
233 245
118 95
117 134
232 185
34 62
177 122
131 30
14 101
129 196
107 78
64 28
127 150
67 22
197 1
196 168
45 115
7 175
60 240
2 144
175 109
254 22
198 223
223 69
176 68
174 118
74 64
181 138
54 81
209 142
151 137
236 179
53 51
131 35
131 199
240 213
41 32
198 64
235 217
187 80
125 126
1 1
156 21
151 127
12 133
0 173
120 45
254 153
6 3
168 98
83 162
153 232
254 141
106 131
97 37
197 245
246 190
1 201
44 148
66 87
150 57
48 151
107 151
195 43
251 154
135 229
55 243
162 125
206 156
74 4
109 34
235 23
119 254
19 230
76 194
121 123
164 10
208 217
131 235
220 23
153 178
42 175
85 129
66 214
202 193
118 235
130 8
157 179
218 124
198 92
14 157
193 237
1 174
183 53
42 16
45 249
82 26
10 164
199 67
180 99
145 169
52 88
159 82
93 27
113 239
103 148
181 32
254 5
106 196
196 176
161 65
134 181
157 17
186 37
45 133
248 165
86 34
186 137
0 116
132 100
44 7
208 33
116 128
71 119
218 211
202 222
211 227
142 2
65 225
227 239
133 74
198 89
54 66
58 72
249 196
83 33
11 26
130 179
92 177
5 157
252 154
169 107
79 143
240 69
226 179
111 59
66 228
206 208
217 207
30 151
40 178
55 79
202 42
236 90
150 36
77 241
238 147
180 235
147 102
191 165
208 170
251 15
161 223
49 163
86 234
139 161
208 52
85 145
209 19
10 1
218 194
119 220
66 189
85 230
149 157
39 94
25 58
144 227
65 26
54 138
70 245
38 219
136 116
87 162
100 6
42 37
36 54
253 177
53 166
233 33
132 83
80 83
205 191
142 126
247 38
77 133
44 187
18 127
27 198
115 4
12 65
10 217
167 101
147 247
52 177
237 44
211 156
145 230
155 91
224 14
230 237
67 67
14 216
55 41
178 214
183 252
71 13
35 253
10 52
125 236
151 159
84 50
124 213
209 12
145 5
116 132
213 142
191 193
86 100
193 208
58 23
147 194
124 233
63 190
216 130
50 73
162 87
50 254
133 51
59 156
53 232
226 52
195 125
251 53
239 216
226 235
9 112
161 246
33 19
72 77
62 113
47 69
190 238
154 79
205 144
29 235
202 252
108 172
194 227
191 42
164 57
217 224
195 55
179 85
47 48
93 221
245 220
19 218
253 242
194 93
12 132
30 155
234 218
36 217
7 68
153 233
187 124
45 175
132 84
29 170
204 82
35 231
134 34
251 77
213 238
103 169
24 169
158 175
71 214
100 90
70 84
92 33
217 54
50 222
69 188
56 7
63 38
87 155
182 28
31 233
31 54
104 13
114 56
105 228
193 86
130 31
69 35
212 193
27 121
208 168
125 28
57 55
23 115
161 161
65 98
161 16
84 233
177 252
9 205
154 65
182 110
189 72
180 116
199 40
119 10
129 102
17 200
46 113
158 206
167 23
206 207
181 113
15 68
90 33
60 130
200 234
138 179
116 64
65 103
43 126
91 185
144 60
112 239
83 79
137 150
93 202
42 60
241 155
199 31
6 23
39 56
116 60
121 91
151 23
240 78
159 97
135 29
163 6
3 12
149 1
223 40
153 182
181 126
238 180
208 189
138 132
39 43
172 21
165 138
86 33
178 213
42 197
50 102
118 133
203 142
97 190
48 91
227 190
38 176
32 135
151 209
204 95
155 191
251 117
99 245
23 208
58 97
49 28
97 153
225 202
76 212
170 127
250 52
140 172
113 169
234 193
35 198
233 126
245 150
146 73
203 180
167 212
16 173
179 177
137 236
30 226
178 85
56 238
98 229
252 106
11 193
7 124
209 73
147 96
246 217
176 133
133 93
175 115
239 175
196 90
111 116
64 195
54 17
44 156
23 254
68 128
87 211
19 252
83 16
180 61
58 206
77 117
215 91
95 39
85 181
71 80
68 9
1 120
198 70
209 117
137 234
243 210
100 121
113 188
237 223
83 78
250 165
9 81
246 133
104 120
91 197
229 91
0 115
188 141
237 91
163 115
85 166
41 152
219 141
100 169
248 219
179 93
24 136
77 20
143 250
42 32
202 65
77 49
8 206
183 187
243 20
152 149
237 182
225 158
63 237
99 172
154 6
184 143
96 239
190 141
154 55
40 91
119 193
167 31
4 55
158 214
74 254
172 18
146 101
145 190
86 121
186 110
199 12
138 112
17 45
228 183
103 108
184 144
209 58
88 234
4 172
72 248
48 39
173 204
118 51
240 157
238 79
96 90
128 76
113 67
163 65
21 75
235 29
248 36
187 88
240 245
218 64
186 236
150 3
65 7
52 151
16 168
200 84
19 225
81 34
253 135
204 228
152 146
79 239
2 153
164 37
114 163
186 121
105 221
74 166
50 89
120 241
168 80
214 237
177 5
15 107
105 204
199 223
30 125
190 204
84 236
220 226
194 253
26 252
187 64
88 48
249 226
241 197
177 132
170 2
215 16
210 80
57 185
219 151
93 249
118 49
145 49
41 47
102 153
201 120
204 0
177 125
140 193
124 51
49 113
51 62
180 165
62 76
30 90
34 220
6 130
17 202
104 107
156 98
126 181
87 200
108 236
22 24
94 195
149 170
78 123
174 142
39 1
245 119
26 171
136 253
231 245
22 80
203 173
173 49
0 169
173 99
102 101
57 104
179 92
4 236
161 124
223 229
27 119
94 14
222 104
31 23
91 170
201 149
96 119
141 138
49 125
237 251
252 67
36 34
38 218
202 59
203 60
137 58
28 66
158 56
116 23
151 162
240 193
58 233
52 76
185 185
94 217
144 113
180 10
227 248
115 217
86 212
67 52
31 195
56 126
217 19
25 81
14 72
84 191
137 170
173 149
218 197
216 33
196 240
77 81
103 141
132 247
229 175
104 130
189 128
20 113
176 246
96 86
16 237
124 91
132 33
188 185
209 19
49 221
13 97
10 110
172 159
185 201
67 105
216 47
99 242
72 17
253 2
156 208
227 9
22 145
106 147
79 124
20 67
174 96
29 10
49 102
33 125
114 15
168 138
1 159
98 33
248 192
215 223
122 231
11 44
40 2
251 164
4 152
62 81
11 164
248 125
208 22
75 178
216 37
241 245
236 91
24 214
181 93
200 210
231 138
10 217
3 120
204 231
25 158
238 248
108 118
83 189
189 160
178 251
238 191
12 163
91 1
230 38
138 126
81 248
50 249
113 148
106 199
206 185
163 13
215 81
161 215
43 166
215 25
0 118
211 214
160 155
18 136
103 37
99 246
166 214
108 150
33 46
251 221
32 89
252 176
23 175
151 161
171 153
140 112
106 11
81 223
8 42
107 187
225 237
161 160
176 31
15 238
204 86
223 20
28 64
120 63
204 198
25 108
71 94
152 163
88 38
163 64
115 92
47 240
3 229
245 88
69 188
218 7
199 110
171 200
166 185
83 52
238 9
197 173
24 80
8 36
73 163
135 1
93 179
157 13
211 50
124 72
171 23
248 232
8 152
145 45
188 189
230 233
102 68
77 37
127 198
125 134
249 252
128 195
56 34
198 188
236 131
23 108
84 156
99 111
106 6
203 97
65 6
31 250
92 135
231 120
1 187
174 109
202 191
101 248
91 62
28 237
240 15
6 80
222 141
128 80
61 137
64 191
12 102
38 219
214 64
21 30
99 180
45 182
104 57
42 78
49 193
64 143
63 208
195 27
80 254
8 108
3 103
114 121
54 104
91 181
140 153
144 123
13 233
95 231
173 103
232 106
167 60
26 142
235 13
29 205
151 38
38 90
122 100
167 102
172 33
132 132
251 31
144 80
163 175
206 218
205 42
46 218
219 11
43 15
243 14
141 203
73 225
219 48
228 23
84 25
248 72
64 116
193 155
60 85
232 32
158 167
184 179
130 77
9 152
28 232
182 39
218 155
156 127
163 147
139 119
198 51
83 146
181 123
43 57
106 32
218 0
86 210
194 53
51 254
184 202
143 102
169 242
233 238
172 197
80 3
132 175
16 253
240 73
139 53
21 228
153 77
15 232
222 185
137 213
94 117
44 195
57 64
82 212
221 227
242 60
51 101
189 44
45 56
142 35
20 4
246 231
40 222
86 176
199 61
25 220
61 112
18 212
44 213
116 182
114 137
10 178
122 209
62 236
116 45
68 91
198 104
67 205
208 225
146 21
201 175
86 36
171 29
108 183
108 175
145 15
145 165
168 10
213 160
174 19
61 10
141 11
235 156
245 133
103 85
221 157
132 1
158 201
246 140
198 11
197 52
155 26
50 183
224 61
91 179
32 180
202 114
157 190
147 119
114 185
205 75
225 201
135 41
182 31
226 103
158 3
214 173
229 93
114 61
156 170
161 4
16 231
119 81
232 84
195 129
143 124
48 78
123 117
142 213
232 213
250 226
19 103
108 123
102 105
237 55
96 151
41 111
177 26
28 238
244 12
238 83
248 28
131 5
147 133
8 86
112 119
19 240
211 203
9 150
34 216
92 236
69 252
254 195
111 154
191 72
105 230
162 51
190 76
55 25
66 200
210 201
29 15
27 185
82 4
194 76
231 140
105 239
57 142
152 10
184 107
123 157
89 59
124 242
43 128
57 87
43 40
70 135
58 28
35 78
40 222
75 54
68 52
205 100
122 3
251 19
254 86
168 76
211 143
90 6
219 144
39 23
26 10
112 205
180 193
168 154
205 31
72 122
189 7
174 125
91 153
31 70
5 55
75 219
179 176
205 228
25 150
207 220
226 251
152 173
132 57
30 156
131 176
227 72
65 199
48 73
58 233
139 170
94 142
185 92
171 10
205 162
103 13
232 64
129 155
1 57
75 128
185 213
129 38
158 145
223 6
89 177
197 224
65 52
57 82
136 241
148 63
168 207
97 52
10 13
116 188
238 233
67 74
122 3
102 107
98 10
196 152
35 191
117 19
212 81
98 253
181 171
253 3
56 145
204 175
233 171
93 213
225 83
96 46
117 12
228 192
211 96
103 101
220 33
75 65
214 180
141 226
17 154
249 50
81 254
242 100
212 194
222 161
34 13
182 27
95 61
177 241
229 188
4 91
192 238
210 30
115 99
218 182
230 32
43 39
120 192
48 157
104 27
185 14
121 220
35 3
89 183
177 208
170 124
82 183
205 171
91 89
85 3
156 104
234 137
22 87
209 232
212 104
142 196
46 96
59 39
48 207
243 39
107 234
100 46
123 130
229 142
122 233
198 94
94 40
98 223
170 39
85 17
49 57
182 123
150 160
129 149
59 147
129 179
174 130
221 204
80 81
38 1
199 145
22 60
42 193
141 249
23 5
64 182
242 196
79 75
71 60
181 10
219 242
156 60
138 199
243 64
190 68
127 105
220 166
53 98
15 36
83 213
212 191
198 214
182 41
132 116
172 245
78 197
140 221
241 194
116 80
110 20
136 75
146 43
145 30
158 231
232 55
42 43
244 34
9 204
223 70
51 141
170 8
207 214
138 119
76 40
187 205
17 118
58 160
202 234
123 210
117 190
100 232
66 62
174 196
64 104
178 99
41 235
56 143
21 197
2 76
221 25
54 9
233 115
96 143
181 22
171 14
232 128
70 127
241 244
47 45
55 81
162 11
157 68
65 50
203 128
115 193
200 74
45 26
231 115
254 108
161 161
174 77
214 122
241 41
92 43
169 35
245 160
240 49
234 144
191 9
56 134
87 193
236 227
141 221
172 244
71 221
115 22
198 79
172 249
48 204
95 71
159 72
184 184
122 140
134 52
33 200
58 86
6 177
240 62
83 176
157 139
139 87
195 202
110 87
138 215
49 22
187 12
116 240
35 106
215 59
66 96
219 39
138 24
221 156
137 206
59 102
52 22
122 216
56 114
22 184
165 72
218 205
126 178
58 60
172 72
168 162
189 182
86 133
67 139
169 169
9 100
175 126
149 69
144 242
28 216
30 157
233 226
71 99
174 56
189 110
88 73
52 141
41 47
254 216
154 51
69 196
35 145
246 165
94 76
208 6
62 234
26 15
218 237
143 189
51 246
216 132
163 160
56 144
55 62
172 211
236 192
134 149
253 105
158 99
186 230
185 190
8 250
77 64
187 240
206 79
2 117
251 17
188 221
2 163
94 51
62 72
248 193
99 173
119 113
48 25
180 141
127 220
216 67
104 17
233 123
108 100
132 129
2 83
239 70
197 10
78 226
117 215
100 138
84 245
178 208
26 57
199 249
121 45
162 169
135 219
131 51
158 177
70 127
58 140
91 113
50 109
174 136
24 215
128 100
254 98
220 204
221 188
180 217
227 204
189 197
114 123
74 30
50 37
222 254
180 156
228 39
72 62
19 233
79 121
70 247
26 226
65 119
129 222
143 212
202 169
10 38
23 146
194 52
146 248
26 144
216 215
103 123
114 87
60 187
63 51
158 251
147 141
136 165
61 18
23 193
75 67
70 208
76 21
153 37
11 2
99 218
41 31
39 40
215 218
141 72
238 105
225 29
249 23
74 33
103 60
67 38
254 166
169 11
204 16
69 103
83 60
113 235
91 56
132 43
246 84
201 80
95 84
155 49
29 126
211 34
163 42
25 239
186 180
190 91
120 178
227 135
80 164
43 205
159 103
237 163
119 24
10 50
233 42
137 155
249 250
55 252
83 76
188 117
128 158
127 206
204 148
100 173
30 61
218 95
48 70
18 237
66 228
251 74
228 135
225 254
220 50
140 29
63 172
194 173
182 166
171 125
171 65
228 112
84 105
143 99
35 220
81 252
217 192
91 156
122 24
211 40
201 165
133 48
138 39
195 177
159 33
102 77
82 252
86 220
140 114
204 211
116 249
112 248
235 30
169 180
201 123
71 55
34 95
50 166
223 224
47 113
12 180
15 249
153 206
90 197
43 98
114 126
86 199
139 30
45 55
41 202
71 114
229 18
140 233
13 91
220 4
90 182
87 217
92 82
119 199
109 75
95 14
232 205
191 172
72 209
105 177
28 41
88 65
83 10
23 120
70 145
195 180
213 95
151 154
181 195
183 143
66 173
112 101
136 231
57 88
70 6
224 127
53 209
49 96
186 206
160 92
74 36
104 73
253 214
23 149
205 28
0 36
103 83
64 7
70 249
234 39
211 210
214 249
92 92
244 90
136 146
127 181
143 249
91 195
207 213
12 59
123 138
9 232
40 25
18 14
157 209
237 176
223 80
110 72
162 34
20 252
110 127
102 94
161 188
96 140
247 94
137 78
215 231
32 238
176 221
145 33
185 177
214 166
41 182
188 250
123 158
230 187
170 91
137 32
102 202
18 99
37 244
189 167
148 59
228 120
109 77
22 199
223 98
134 233
180 184
33 240
60 18
146 91
129 121
8 33
173 108
216 159
157 33
94 50
149 122
68 197
176 235
46 244
28 135
55 228
125 32
217 112
211 106
32 217
9 228
143 150
247 71
22 163
15 38
104 43
210 144
188 27
143 101
98 217
39 55
202 33
103 168
219 144
194 97
222 147
35 205
68 177
130 21
142 151
158 0
15 167
102 162
215 8
12 25
58 245
147 202
89 33
112 31
234 210
89 231
3 174
197 51
229 211
145 149
33 95
66 161
246 77
242 147
233 243
112 226
134 103
57 243
253 120
37 186
231 4
47 196
129 195
121 209
52 252
247 193
171 212
72 111
169 90
52 199
16 225
243 42
226 124
219 18
233 38
82 187
113 95
221 122
46 194
29 80
155 123
229 66
65 62
54 251
77 223
224 42
110 121
156 47
129 127
25 197
170 40
244 69
179 236
251 107
31 31
232 167
20 221
238 37
145 9
208 4
152 67
189 110
176 81
101 145
45 205
141 194
191 85
111 125
127 33
87 64
66 51
174 213
74 32
87 204
158 191
113 169
14 1
0 152
196 118
152 37
142 33
70 234
101 123
247 226
161 191
110 137
68 239
92 196
8 32
157 41
161 67
155 242
106 171
222 190
216 51
120 245
183 36
101 153
163 172
81 241
121 249
43 163
169 188
193 119
215 73
65 43
68 65
201 134
98 41
116 14
158 25
34 155
229 65
14 63
154 225
182 248
205 204
220 221
45 164
141 122
234 136
211 117
5 241
133 162
150 57
212 17
196 71
167 190
136 180
142 48
22 204
15 56
227 165
116 218
96 190
147 136
66 123
60 84
234 8
179 97
198 46
105 45
181 243
124 234
137 216
202 189
85 243
101 62
213 65
249 58
136 212
76 126
17 223
70 241
114 240
43 46
76 244
139 113
153 55
18 150
209 185
230 135
27 7
144 131
40 201
75 118
188 74
154 131
101 68
103 200
187 72
132 131
204 78
92 144
142 13
185 116
14 228
49 16
1 122
47 70
160 56
23 14
70 73
199 116
15 248
208 88
247 143
47 233
51 84
224 43
45 162
201 249
184 121
75 144
254 94
211 167
93 244
17 229
58 36
206 147
195 63
178 26
28 43
191 52
229 55
95 83
66 221
253 46
94 119
151 14
59 118
124 7
40 186
113 235
91 5
212 114
135 185
199 179
197 149
133 244
57 63
240 78
206 37
25 183
34 80
221 175
29 147
61 159
16 175
175 254
58 208
243 28
80 29
35 112
117 218
90 69
43 13
102 156
70 100
201 38
135 183
61 78
148 42
59 99
62 204
121 16
140 79
55 136
238 33
54 237
240 79
183 183
86 24
89 57
13 92
201 127
117 179
77 76
173 45
215 22
11 123
236 136
210 151
223 65
50 174
29 22
250 136
6 154
40 115
141 35
52 36
66 13
126 237
144 167
91 34
39 174
87 115
23 236
50 180
231 80
83 81
42 82
61 148
48 112
87 199
134 30
125 244
110 102
103 65
28 81
135 125
160 235
32 225
168 193
149 143
195 109
146 231
173 253
117 114
118 175
155 150
97 184
145 49
123 189
234 139
124 188
97 57
17 57
83 190
245 174
6 23
97 106
39 149
1 28
231 205
128 187
162 189
244 142
135 172
172 109
193 191
234 183
235 172
205 193
235 120
43 230
82 166
112 221
94 238
207 75
7 239
173 34
72 50
37 207
152 53
187 196
233 50
170 128
201 165
39 212
65 205
202 198
229 177
225 15
6 109
165 249
106 0
169 26
7 2
129 2
42 93
126 16
43 45
190 19
78 191
24 126
162 236
103 189
231 167
165 37
18 30
180 217
244 116
62 57
181 150
29 6
0 125
197 233
220 187
204 195
201 252
61 97
43 216
157 112
157 33
181 144
128 146
225 150
73 210
100 120
121 51
170 92
196 6
128 196
237 192
75 17
25 159
1 215
215 6
74 28
4 66
82 183
129 16
14 198
113 157
151 107
252 182
212 168
194 253
33 182
43 65
231 184
115 62
20 78
221 60
14 61
177 107
131 229
222 0
160 34
212 152
104 188
230 151
218 119
224 208
57 136
194 248
54 9
120 34
28 221
65 179
252 110
239 22
224 114
159 162
83 246
96 54
77 233
142 43
104 64
229 87
98 254
15 38
152 122
127 217
163 41
172 123
160 150
34 9
140 50
239 250
57 217
246 86
181 68
245 31
176 170
243 29
93 103
150 159
102 127
36 20
84 123
133 18
46 65
87 183
125 32
69 4
11 159
33 62
92 39
250 61
202 21
70 231
115 102
89 29
92 153
21 183
97 32
65 76
2 76
54 236
250 77
200 28
179 141
247 204
218 118
209 107
72 84
48 131
26 3
82 209
67 175
35 60
58 5
253 112
90 199
16 183
97 7
249 185
21 207
86 247
119 93
184 235
18 187
91 199
215 238
63 50
218 159
142 65
132 143
90 156
81 25
68 139
37 74
149 87
22 44
70 127
62 69
240 219
128 95
69 226
96 26
164 11
5 21
149 103
69 189
133 95
22 101
224 175
21 106
188 166
236 246
175 233
76 25
239 245
184 152
0 220
250 121
25 207
45 153
68 105
87 131
156 158
104 45
121 226
218 1
91 0
166 72
67 187
102 185
220 145
67 202
45 100
37 20
199 42
245 238
126 113
29 97
58 178
82 54
76 70
189 24
203 19
245 108
173 235
202 191
64 226
234 105
60 214
114 82
54 202
34 157
82 179
116 69
83 202
34 175
157 130
167 149
192 214
57 159
2 161
66 118
253 123
208 55
238 134
176 132
76 122
190 205
135 71
229 166
72 138
165 149
87 54
98 235
105 183
197 248
108 42
112 23
136 9
204 206
13 67
73 182
154 104
141 86
102 61
24 225
61 235
163 81
226 149
31 0
216 12
114 166
26 46
108 70
92 89
3 102
109 35
227 181
222 187
173 23
205 245
131 208
176 94
150 164
79 90
52 91
170 193
100 93
109 48
140 207
175 149
194 209
43 139
71 96
203 99
137 136
126 192
97 174
82 40
164 200
168 230
35 148
233 77
19 14
104 64
123 161
110 198
154 202
42 119
126 48
15 41
252 144
167 173
226 46
22 3
222 213
151 177
215 251
55 221
154 218
91 242
138 10
108 148
183 111
209 2
56 9
152 250
194 153
183 166
158 215
140 3
181 100
66 235
44 138
50 200
63 75
214 159
67 51
221 68
128 11
14 44
106 66
29 131
28 228
107 203
69 165
123 177
183 116
105 106
170 11
25 63
58 188
212 210
58 223
13 249
105 27
139 232
52 245
224 243
189 29
22 5
146 224
175 110
138 141
196 204
144 135
181 56
196 30
42 10
31 102
80 59
20 141
52 96
0 136
186 25
247 47
57 225
129 61
22 17
34 40
162 231
15 244
127 166
98 221
51 169
20 236
64 170
170 75
243 123
231 124
92 165
33 87
73 171
189 52
17 200
64 79
199 107
206 34
3 229
102 31
195 55
58 231
46 12
114 250
175 171
83 118
215 200
66 126
194 192
83 162
14 61
43 131
139 203
176 224
135 107
198 48
84 207
135 211
218 129
175 1
134 242
221 142
100 251
252 197
117 44
165 164
94 236
167 225
53 106
209 113
248 183
32 63
110 224
215 52
108 14
184 203
81 44
118 219
104 18
184 98
19 124
158 177
75 208
53 133
157 253
204 51
7 132
254 74
95 34
62 202
163 87
84 78
96 146
194 63
186 136
15 171
253 222
31 248
107 55
135 48
10 56
60 140
146 55
113 87
35 203
153 28
83 160
82 205
118 138
195 112
45 23
112 114
86 117
183 252
58 233
65 40
77 178
123 26
80 142
198 231
145 15
100 33
23 15
102 222
11 170
178 75
81 128
19 149
73 238
146 114
239 139
236 98
35 19
173 25
175 149
164 171
208 207
201 77
72 42
63 172
199 4
40 89
125 164
25 210
161 97
173 89
149 54
56 227
208 117
249 20
254 209
72 119
1 154
243 196
51 153
231 126
69 166
123 161
20 204
1 223
142 95
71 88
90 96
109 99
3 20
16 208
214 183
24 116
41 223
160 219
145 40
90 121
10 112
103 177
10 62
73 189
186 83
145 94
45 246
46 54
233 47
235 119
187 82
103 157
103 105
246 207
61 0
94 165
201 16
232 236
174 13
94 71
149 21
167 121
143 196
111 105
154 54
215 7
5 61
132 104
96 19
144 198
37 48
161 50
225 77
102 20
172 36
194 13
226 195
188 244
174 12
174 48
170 47
170 249
6 206
4 193
234 196
213 11
136 105
21 251
23 150
12 23
86 160
125 102
135 220
143 184
184 106
116 126
17 95
81 55
112 136
70 63
254 168
137 133
105 253
129 76
153 195
114 31
39 89
189 194
154 150
28 222
111 249
5 246
65 50
137 58
252 203
70 147
227 165
156 122
67 37
104 226
57 31
127 215
143 177
203 68
176 116
141 149
6 172
96 9
139 100
231 133
81 197
162 66
160 21
66 136
2 119
25 56
237 174
